loadNumber pickup dropoff
1 (175.0096890395048,63.78912832918552) (254.80191701049947,58.01543279026229)
2 (142.8030845242304,11.81045572322652) (169.5401042627088,78.65754555357734)
3 (0.597170017118961,-39.5471513492794) (69.22718511828634,-73.45313753887689)
4 (2.049387176357546,8.312920215797469) (1.4385140236806602,-37.8077492940551)
5 (182.43304055826428,74.18753853102395) (226.6778829282168,63.43254800107746)
6 (20.573933676133393,-13.133950759530467) (111.3287240920838,19.04440350639381)
7 (257.1809209214077,61.399541575633975) (224.1446865168187,149.3051815501777)
8 (81.43825307449796,-53.780987758762635) (141.53901371704188,21.35252107569717)
9 (16.198677545964095,-38.88105114995639) (63.47037195716309,-93.05710591547569)
10 (-16.70077479770618,-51.29062706869624) (11.298576631766977,-106.86347814024066)
11 (3.0926059533791777,1.183687613592643) (-70.82744273023151,-33.16182557785962)
12 (172.5366620557378,75.91891560599021) (172.84107949608077,67.46939474715775)
13 (-69.49400796119211,-42.8150087714296) (-23.26288885271265,-48.3227603153459)
14 (105.43956049851829,20.62215592622089) (185.32168007239272,72.99169132779795)
15 (65.66226290602833,-88.57564921583254) (103.26418500162967,-139.36593793909967)
16 (225.70790089215683,146.75409724628497) (267.09388482823505,93.49525719199912)
17 (108.22840752916228,-141.74277670544313) (90.32657565735866,-51.845320630645546)
18 (7.165977405043268,-4.876860009131898) (15.873776121135867,-42.80394485841376)
19 (228.53672242426833,70.84240976781123) (289.3188330337859,42.318053419214216)
20 (18.390109667875713,-111.39066497617836) (15.69460939746085,-14.662267342194568)
