loadNumber pickup dropoff
1 (-130.77046370486013,120.76389184451847) (-9.813736146537963,36.90576770908136)
2 (-66.75906507700779,-81.13189768699513) (-22.090555855259133,-215.0211288666782)
3 (-4.215878959589454,1.0515544524878488) (42.72704799479972,-57.410444127551386)
4 (125.71864841027626,5.633401719120726) (251.39731440545097,65.91404495683501)
5 (212.730827327003,-104.99996591513448) (62.32508613496509,-113.38390296807466)
6 (21.857292796791292,156.7405264831422) (31.310977699585273,236.18871817139888)
7 (29.095304086734775,84.61475134524586) (19.060240460417354,38.40681871661511)
8 (3.896877864650049,0.4596365181165873) (-66.16488423637632,127.16920517785783)
9 (-1.2466267724697948,-2.8343136355683622) (48.17054174573793,-166.1281861317536)
10 (-5.261673948806762,42.19355895658858) (60.75351234735474,-127.47375085274939)
11 (98.75774195379893,-270.32273681938744) (34.044148500011005,-151.1178708057762)
12 (-9.288446857519098,1.6434705037741708) (37.294033354481066,-18.820003602983167)
13 (76.09742778205748,131.57332166183247) (4.613464079693713,175.79168343141205)
14 (-110.72427719510027,131.92313923263868) (10.3593503154637,246.25910555670868)
15 (-44.229247006168066,124.84864167256262) (-24.5756353396853,125.32974785671351)
16 (-6.4502415209966335,-5.817121969860554) (-62.20107094123417,-83.07673062328402)
17 (-36.39206747715191,-35.558465950850405) (107.60452742235158,60.22612091510388)
18 (-63.862413099286464,71.09867811597411) (104.26577699964335,116.94223949028489)
19 (53.91352180988872,-7.167965877842345) (184.95457391599086,14.003291420938648)
20 (4.109425474329803,0.1613570742301889) (-73.0885184559084,-153.71590029631577)
21 (190.05766738869744,12.018634842519823) (164.17842455498246,87.87000719176467)
22 (7.232061285860076,0.7568186090894086) (173.20722516113358,-107.9720172464641)
23 (168.82936777751988,85.06739230576821) (154.39095807887958,199.95335705989106)
24 (7.8873092533307005,178.0670206929105) (53.2392561534319,338.96070497599214)
25 (-2.7632871930511556,-27.005995004759594) (-49.11785854384993,127.15897621320624)
26 (79.42300102812295,-81.3959451720972) (213.1932086737654,-6.471431255807104)
27 (2.6263704257831124,-3.4553859476591455) (17.613622996144716,164.15590137977088)
28 (-21.89212393337573,121.47982013648624) (-94.63684545306536,-14.858661294055196)
29 (-99.57571120288095,-248.37764620573503) (-154.67846756404992,-186.2629884147205)
30 (2.6064002053965023,7.878400389562127) (-71.25126773662808,67.04240649370564)
31 (-5.844490927297761,1.8677075576184174) (-183.94128585344598,11.519260969156303)
32 (1.7285279777816067,0.010514340033673228) (-41.96864487626693,125.40286797409026)
33 (-64.53655439200821,-42.76063951755141) (-121.561689321816,-166.58190093516242)
34 (-85.69738370951346,14.647798133119549) (-154.2060106557376,-104.92426084067796)
35 (-0.6771447847190277,0.9912012456489975) (33.441651246324476,-93.2593323087512)
36 (99.42628300007505,120.3418060640526) (125.97951034501492,239.94476474538237)
37 (-153.96352142101617,92.28002634360747) (-32.50206527727029,-25.04057301940972)
38 (2.992682767803794,-7.4207137575453075) (47.951619368198834,-195.25654721049514)
39 (102.43541581462823,56.31413740049085) (250.56345205542175,105.08209904927364)
40 (-104.41177854280738,114.64757493134013) (-66.22886074561248,-41.298691575706954)
41 (35.50716843070286,-50.681946030786705) (217.38451173304327,-99.46020496880351)
42 (-100.30085527050053,148.63730559882) (26.809807841060646,77.0003177766349)
43 (92.64040413499356,-139.64470049926513) (213.78138926191417,-71.53476752492085)
44 (-161.80709796459143,-43.76063591114445) (-201.12714241094466,-203.71971298332204)
45 (6.606235951433973,-4.729516327283267) (63.59956116818674,127.94527472532174)
46 (18.322967140563634,158.4413482057879) (53.198018076745754,255.83291059942906)
47 (2.5049094591149332,0.21343178218022896) (-178.70160019663263,-33.54298852083005)
48 (-176.56773497568582,10.971062394028365) (-22.4035451536825,-69.88089766704367)
49 (212.00567070918362,-69.17710375930959) (93.32316933731647,-104.90967672436895)
50 (0.28392267697509943,4.821588568305738) (147.64681738303676,-101.68958722375368)
51 (-0.3905928970878591,-2.7142141224394725) (23.792811415573688,151.0613171229026)
52 (92.64361511329939,185.74690128641706) (-97.60677527459679,147.7243738590715)
53 (1.8768374079848444,2.360405191163433) (-79.02951587266382,12.773393281684614)
54 (-39.77681621600616,-204.84825540314756) (48.87208542479818,-171.42179938443056)
55 (-79.66995337475805,-150.47790548194294) (-180.17380393262323,-225.05061851221387)
56 (-5.624549692431239,4.653432966975059) (-151.5289571060569,122.05103602894673)
57 (59.27420350685398,-116.15722850572759) (27.72952601684396,-26.544013225684353)
58 (-18.030854657384786,54.880500546301406) (-129.1393545798727,112.93763225108515)
59 (-144.91211046146304,115.13101753909542) (-155.64347795351534,89.27808188151937)
60 (-6.610577820163494,7.136805764361659) (72.58411283319838,-43.253607939803224)
61 (-4.947739046071851,-102.86423363748041) (-102.11313349939715,-245.16157934139517)
62 (2.6411422878516735,-5.6958436288306915) (-154.7077965422599,-46.0748970051655)
63 (-1.5245983691176797,3.6008727727133722) (-98.84288998860875,115.89273044593422)
64 (-7.3671000052322135,5.820155665630013) (-33.137230631787546,-41.389278379932044)
65 (169.60871936952077,-109.83478858085827) (139.56294163499422,72.2954458811826)
66 (-6.744681749774975,6.446644616732502) (120.33789773639307,4.07247616652293)
67 (-179.87261523258854,-27.913498516844424) (-202.91693158649167,18.98030240628064)
68 (93.97632577947503,-104.72281060376984) (88.90338533704343,44.79851245139925)
69 (60.9775139465353,255.80610715378063) (-39.29533079602496,282.06674417844295)
70 (-38.85910609383317,285.41610318327815) (-95.04665661950341,194.04449293627533)
71 (-5.318557849955074,-7.736345846717944) (33.608540942046886,168.3674098081501)
72 (46.88292961490171,-197.5245288345057) (39.421685257368864,-20.445119962286725)
73 (-108.2111158080173,-87.27566619687616) (-22.523777626646194,-65.14991983115695)
74 (39.38983176860127,162.9948692378217) (-124.113465218363,268.4797638666777)
75 (74.72673589890111,-45.75105926997263) (84.83353801451149,-56.93230004074488)
76 (3.176597688591342,8.410308131885847) (-16.862086376263164,53.28724984152955)
77 (-66.8814901706064,122.65483825047139) (-106.3093394842619,139.27345560453512)
78 (57.36289461820168,134.1115228185441) (99.00693100654338,182.65007415435787)
79 (-27.326945518509632,-127.31955867345651) (102.67390262247235,-274.28698679476724)
80 (-4.050269893971801,-8.245887821860514) (-52.04031222973033,-121.25463817731716)
81 (-38.57615132940337,123.4869825292167) (-101.99442532730825,287.2791999277674)
82 (-5.5321044908586865,1.6122233932643504) (164.56243389634318,-93.32499313954241)
83 (50.30772854057894,-160.5130053689265) (-124.10066625595402,-128.60609084945415)
84 (8.723900080471353,-4.571069379836156) (46.44195646408773,-6.9423576075496864)
85 (-6.071230120995132,6.938127858331429) (59.5568852559468,-0.774030091099239)
86 (-5.208259060436328,-0.8335509991410527) (92.33027962671513,-136.799837814179)
87 (-0.507897155829052,-2.26660970559586) (86.25198255600021,-81.3261437254115)
88 (6.257456336902659,4.920872387593013) (4.712222492041414,-25.526403255639288)
89 (-1.9283173883051161,1.4170164436138803) (3.195565764301035,-101.1003737404569)
90 (87.31687432750269,-55.39501857126439) (92.25975569054877,-57.298894760742726)
91 (34.79516827700398,277.3374973658017) (107.21217329642056,160.90374659740792)
92 (32.62061863702891,-182.61110639106613) (-131.82813858374644,-234.41038712467932)
93 (-125.35556270638413,-133.1464602579704) (-24.99411921659319,-67.65658919609655)
94 (-0.19069725623362735,-5.550810633318214) (80.264577539357,136.2537636658376)
95 (3.3789379221139275,184.5753808040715) (25.358373377737532,278.19395165017954)
96 (44.64373137417068,-16.493091796427635) (-31.92136488054789,-199.01707348183282)
97 (-0.6314486816251499,3.1246374087774846) (5.327356776750653,187.5626542437811)
98 (-207.027443495106,19.668418941439842) (-105.81460240919127,-90.38554602706581)
99 (94.13260313227838,-59.88301428490606) (36.71073928717844,-174.855120665581)
100 (0.41883813533226394,3.825054904252599) (-23.830529356252537,-129.53092170709039)
