loadNumber pickup dropoff
1 (119.7907868705904,182.08544954979286) (142.14213545529947,-114.7786049667486)
2 (-88.46234141295633,52.34464380634336) (-1.4972165064163967,-40.63351083354157)
3 (-69.81641853075558,-267.54058964822786) (-58.485020775831934,-262.3256807774015)
4 (-65.17466861646568,255.02086204247084) (66.27894702631991,-19.919026993373166)
5 (198.71315422365996,-249.37001211924166) (82.99879637615666,-118.40006655016508)
6 (-57.809815384630234,46.54976148877825) (61.419749355593765,-31.343576327015704)
7 (-90.04335152078636,-320.1549607898644) (-57.898472678594004,-311.0346257021497)
8 (42.329896156167926,55.18405346572349) (274.38514278673085,5.507980267223765)
9 (231.97209529768304,8.101343620504641) (-92.09136928156781,109.41666396034414)
10 (-144.8274253371474,-280.01546548618893) (-135.63653416527953,-123.89317017315956)
11 (-95.93931689512674,159.02727403948083) (29.082347768204535,283.6602822743643)
12 (296.2656955503043,-67.09937130989434) (169.91870204984338,-36.85423591386359)
13 (-4.742520440962882,-136.72727919301576) (-104.16870994185827,-95.11824139726342)
14 (-52.3456697524609,-129.9751795852763) (-72.66225079325766,-196.2257952028098)
15 (85.10754936800691,-118.83385711453923) (114.04271877573917,-74.49632868779544)
16 (-323.12864759921985,123.41019740262396) (-132.57374175803162,16.10801985705612)
17 (246.9397098700304,-0.4315141156037216) (281.6792355434022,-17.451770167238102)
18 (321.128878410666,19.5485905842054) (83.22719358663335,101.61678397293444)
19 (-64.39740520648276,260.4197403917626) (-47.36465661406532,227.0760638433405)
20 (200.74500753102728,-59.03066246205102) (-0.7376805850364777,-214.46584213435423)
