loadNumber pickup dropoff
1 (11.252548769969845,-103.60707654265262) (-49.51492628352028,-134.72677370714516)
2 (91.448539868446,122.2137104166516) (120.8793260791157,163.55292161690525)
3 (13.642573235737123,187.22108343140573) (77.1967031015369,225.58882958141731)
4 (-68.17282023132526,-79.00341664204765) (-7.990438016483715,-5.300373060349756)
5 (143.1823420861025,81.4488245169359) (156.39334869493786,165.6193318997686)
6 (-22.621239169403594,42.09038789195773) (-54.77099165856351,36.876153522558454)
7 (-77.70888840932689,-107.74642989975142) (-33.694339526908195,-162.6121499007113)
8 (-3.09190942836658,-0.5868198699520039) (9.438341957185482,-75.30395692068967)
9 (149.26905194740536,-6.760005477201538) (148.75105678709744,77.91160046819206)
10 (2.6084992911835925,146.2267661060273) (31.465063628102467,205.81677774700415)
11 (6.382314748364421,-95.28819436689997) (89.88650554657765,-125.64393336402401)
12 (2.7226624421134016,7.322752956631111) (-22.7708899805574,101.68337413631696)
13 (6.8403111070161655,-2.537401193197219) (62.93571801480055,-77.68903440213856)
14 (49.60375860783029,214.04567948711727) (-2.246915408275953,194.5077763515494)
15 (-50.34848453332717,18.886359172425287) (-75.48671195717579,62.40710453372507)
16 (76.11130720788879,-128.58114633718765) (1.6685553693171187,-90.45688175652384)
17 (176.01239694794205,88.19943332301904) (137.89675981099896,144.4749841955214)
18 (-100.88255493934803,79.10470695336438) (-44.836950637285476,38.73463754317169)
19 (2.5382791191118566,-1.5204139424474936) (-25.29402957495721,34.9422494436511)
20 (-75.3644555961204,76.99537518188288) (-63.04921936496214,156.4006326076659)
21 (-9.413277608665252,0.05435061819515189) (-31.532185714218436,-60.89133698675362)
22 (54.94800545300065,39.860464838906296) (-29.423943628726946,46.78019850270252)
23 (-3.158411070101223,-8.6796872764589) (80.31941442386402,27.43935091936015)
24 (56.84682880202706,-96.12396398603929) (131.153009976769,-143.68700157525558)
25 (5.145858343239576,-72.10106120803754) (-23.11084114251892,-26.704095982289886)
26 (7.4846158873445825,-84.60245612825878) (-9.066112064000023,-56.54872289403837)
27 (-20.82710929191377,-154.44365422124858) (-43.63647517115025,-167.01772789579817)
28 (63.15782582533531,-129.13320322224303) (124.54555747292474,-116.41534602560279)
29 (17.99683281645563,-77.10802850289362) (12.289613094459147,-167.63788999491604)
30 (-5.909761013415306,-2.9159645415865083) (-50.950286079755784,4.380549275961814)
31 (-171.56698578911266,-71.64597153511735) (-154.26367683274702,-170.10931925467824)
32 (148.64280731372727,57.600327393599656) (140.02858118400863,-38.98726833618775)
33 (-3.3557689801328907,-3.687228551641331) (79.66183312556119,30.523613867295225)
34 (-6.624729769856278,50.92714796324918) (52.863282256882336,54.10856188258847)
35 (-4.789361055498149,18.190781422123223) (27.09016804509767,46.355296498180195)
36 (-9.824342769770977,-11.022484679961412) (3.8747321114680773,-101.12371640403857)
37 (5.6136761301321245,-157.66783532637575) (94.90085924373338,-143.51394580801752)
38 (137.80195757590815,164.9904304029199) (172.05363178164544,76.1190338056714)
39 (71.23557983952615,-65.61278220888852) (40.046986667339986,-47.867406336732984)
40 (70.36205944653153,-103.69112638682903) (76.45442020886699,-115.15592261841346)
41 (92.28101982130852,28.403566829028193) (123.70764280675336,104.3551961987544)
42 (52.05317430058776,50.56284674539697) (89.67040166226333,59.79682832278106)
43 (-112.22714184068114,21.62651794915739) (-143.74310536326388,-52.217634197548094)
44 (-53.262128622375734,-76.6484850931296) (-43.90897399699719,-165.5497475515919)
45 (157.74088574018944,-4.206477728665697) (169.12965174282039,61.38644113673738)
46 (-46.59857816090244,161.08249252178138) (-51.09611699667427,180.95240117194749)
47 (-35.62576270356564,76.1224142377846) (5.612495182524029,153.64800181870214)
48 (-98.82065855556891,-73.34622173576103) (-54.799392229666736,-24.43195012244672)
49 (-18.572274255249244,-6.226550090920143) (-28.913356458996432,-54.45947129685344)
50 (123.00502753545145,97.43430894285005) (131.2575303127419,58.31485834848268)
51 (-22.537793375969354,32.13967426911232) (-115.48175457123706,16.99998574276778)
52 (-157.85026846029552,-45.28219889480043) (-181.38414995594468,-119.93585406226255)
53 (-18.517065362972097,-81.24371629138936) (-76.80020624306223,-107.53867606825094)
54 (-52.71455995727768,-13.925529020387676) (5.95703351974317,-53.15331004642512)
55 (111.21128444926927,-122.34104520602227) (55.92373936859938,-111.59494899682664)
56 (49.0571157287962,40.801137260377445) (60.15396950657012,29.14950264002905)
57 (-45.86127481764427,-29.829652429123133) (-72.14883776205558,7.0154665163918)
58 (-174.68902892231364,-123.81222164827497) (-93.33846422588356,-74.89009217712876)
59 (110.49558066908959,-132.3954429081919) (75.69579535370357,-134.7224092388313)
60 (63.89051370065404,130.34749011665443) (66.41486017751986,72.7253678809304)
61 (-11.125660380287725,-2.236789318790361) (58.49471546818107,-55.1409690811886)
62 (-37.88008304269718,-51.11175875071854) (-122.1947076403483,-47.553088537871226)
63 (92.09468066856486,57.89179065804021) (161.75148342151942,-9.274914061039368)
64 (-48.8667559199861,20.881315884814747) (46.95054946647961,32.875021260445116)
65 (-2.971091051475026,13.166079063304721) (-6.6761015833871165,-9.918894466269382)
66 (49.83989240394463,-227.23237356955045) (82.22820013688683,-137.4854999352503)
67 (-23.052698136063164,246.0537058501665) (53.81060073591555,200.2117193626778)
68 (186.81879919596514,-53.88375562136479) (202.89350353956686,-94.41282979788159)
69 (-81.12523243303539,43.59457481053516) (-165.151857313065,-1.7724995480088666)
70 (-81.08671506413405,1.7359062590400756) (-1.9256736110035888,62.710044807209606)
71 (-21.82757158933473,-44.56868745408789) (11.351907036477023,-90.19741896901603)
72 (9.698413221645126,-15.918332151477177) (-11.901213542452219,-68.88987483145347)
73 (-36.6185552790317,24.128396214438936) (-80.8613546927136,90.13525961607446)
74 (70.72232883112714,24.583690734484207) (161.5942172474832,-4.72978678198406)
75 (9.235398715916066,-52.797668032315634) (-74.66266946533126,-61.19527726826247)
76 (55.32264626010834,-42.57144993009148) (-15.146719012449282,-38.369339528968844)
77 (-139.6461672502527,-50.25444096099027) (-167.4342331069383,-77.7999239939635)
78 (-57.717067132826585,-170.2602751946816) (-128.79521411825527,-212.67274424131824)
79 (-6.9683791367004595,-15.306111412080247) (-55.90666195005116,-19.589582970926976)
80 (-4.34130207219235,18.746955318841316) (-21.731750952519146,86.28264052020722)
81 (-57.993652522797625,179.31450226218135) (-27.683692949567998,243.1145133217875)
82 (-0.5294576810002256,11.230496015547898) (-47.33245406167493,-1.943050933090884)
83 (-31.18778800448796,-60.306171636887676) (-61.36186203761977,-61.31462089320739)
84 (11.523041808585154,119.58638678784226) (70.69008121899724,155.23766175278598)
85 (-53.56076915408558,-1.1187552146207493) (-52.906018123555285,16.784250249759154)
86 (53.97447921430735,42.76852525801304) (57.62113953967248,124.9924327116194)
87 (-38.938975317082416,-184.8248763263726) (53.83727389976557,-213.66820839935178)
88 (-96.00248680321681,-61.63669628315546) (-115.92163957455769,-63.2704310040298)
89 (-12.477567537301244,-26.033830776176) (-62.694217145478916,8.382090955705035)
90 (-28.861881307082918,115.41377396881725) (-96.45069540438828,78.35418402590628)
91 (-38.02391323445202,30.694000535830828) (-1.1559699770284908,104.80652539223078)
92 (-42.924910422769216,-115.84705527518666) (-94.79350287485927,-77.34898378470088)
93 (45.39425266122196,128.17164472215256) (107.08602688996388,110.44448053992419)
94 (-17.594809030612,-8.000187321570738) (-6.750830182707119,36.88436452574523)
95 (130.39837846745382,-29.978073556284606) (171.74224483366459,-43.09077639947315)
96 (23.618367077526496,53.05075343521821) (42.22848523242807,122.4212108224808)
97 (3.4874975885277877,-32.953440064913174) (71.4578326129262,37.657966574616474)
98 (76.8129557323261,55.695455988990446) (86.12990778975315,42.631194568875685)
99 (-38.2603339450355,63.06877249114291) (-25.210329308906054,59.571456642657594)
100 (62.19850729561734,-71.96208834739943) (76.83317256321966,-116.95065085962635)
