loadNumber pickup dropoff
1 (-32.09548441745305,-78.87716251866858) (47.453083855459084,-89.46434180106874)
2 (75.55124057765745,90.11992072847409) (17.960936591582787,136.09735139731714)
3 (49.298872973832175,-93.89494606512139) (-38.830391144006356,-107.20320218805074)
4 (-19.42863065490319,21.569180435885833) (-44.08076427393551,148.47727560560276)
5 (172.81919079364025,180.9992757153155) (66.38795751638791,130.54663647486072)
6 (-1.9981025808195862,15.796472327318734) (100.87758021891193,32.54516633838183)
7 (185.8353863821448,-62.012241867462066) (71.76551708384622,-104.41789520870978)
8 (-43.04922471984266,-23.15719715904041) (-63.457732552018996,-170.40961297014823)
9 (-30.870510378835434,102.04618898820098) (-65.79527485679975,158.77235176376345)
10 (35.97383173724556,3.7041878239852757) (117.89091722104858,-111.67037954057251)
11 (-33.08160559428452,25.355790865440163) (-136.80171120467452,40.721770064267915)
12 (119.38443960946458,-37.48630393730503) (121.013954909046,91.85037426505349)
13 (-4.2962559528294975,39.46156761280811) (59.068402095564764,152.60157826475597)
14 (31.51265275283675,5.485683240134851) (-38.39381868381226,20.013932380417224)
15 (32.04814694918843,35.26346658541305) (20.59880228192416,28.70764829285354)
16 (-45.94168242024769,50.590006005150705) (57.79132461573316,80.38593803030815)
17 (89.33609222512106,22.963997908047034) (17.0332219801996,-79.82609644389264)
18 (74.89280269753866,11.331103128261443) (-22.47634275591622,70.77804313230706)
19 (26.950784667745285,-62.63976653749963) (-34.020727500795076,3.0370232453864716)
20 (12.793910105192772,78.71973194899168) (3.1085886760233095,219.24872586703003)
21 (35.441353055005024,-19.58625514317691) (14.135624988825079,-51.6393799787908)
22 (-31.38431207202554,6.783116373854727) (-61.464437948900425,19.193922503616555)
23 (-38.53896616496644,-26.436965781027673) (25.879775455890794,64.91344329180296)
24 (-48.87216405603954,76.41567807727873) (22.80419970903155,12.771199497153845)
25 (11.532947977600193,-62.31282957564648) (-15.432568844354654,-156.9338923403861)
26 (-101.91248856937568,-112.26477758142599) (-152.3584541018846,-160.06211319192514)
27 (-115.35149261377474,86.3231634715618) (-166.21601927559064,19.336147011549386)
28 (13.89042894329021,38.11259909661505) (-121.20656569438793,-2.7768003090138365)
29 (4.6057562241758845,85.02961738186481) (37.04697583723566,214.77228269885626)
30 (-26.30624041047821,53.174876692342586) (-101.82734779613695,-49.449377041415666)
31 (-13.501897316460793,42.674633531671866) (-103.29835896603312,129.1938634692849)
32 (-102.80941562711554,36.84994724553519) (-44.335939694888765,44.02731292132501)
33 (-194.5380664286029,96.45604508390406) (-273.6765878684042,1.5872604578743363)
34 (64.42512726582686,158.10840965202897) (6.14905315141845,164.30302632946314)
35 (-125.83925744167232,139.09324843910204) (-59.35336906215933,34.247652057378346)
36 (13.732162045892904,-46.1793038475023) (143.29260011087104,-46.013459366192116)
37 (97.30533347638197,-40.00983748836336) (219.6462849072515,-19.740246922019956)
38 (20.4453586366167,-12.441119186438502) (165.88928621750298,-16.20313338430484)
39 (-8.099679029630762,33.46824338809966) (118.66886314455552,16.146421346234863)
40 (70.66452320957914,-136.96801361176398) (68.56642235954376,-83.94550350152775)
41 (48.290378222054116,189.43678429831422) (117.56169983565113,104.04765571703747)
42 (158.5175271637258,-46.88248419820256) (38.31751560269089,1.4511342348049538)
43 (36.717475411080784,-26.08951202443569) (47.900511819208496,62.8972716455455)
44 (37.542418009262775,-13.68003048713461) (21.841571995338445,79.19219644270889)
45 (-28.07482902962719,-70.89774554765475) (43.44546199999066,-108.07649342390835)
46 (-157.79638596662227,25.319520292955552) (-264.76980683742516,122.08848291583797)
47 (-59.7917483740381,-71.97563622352739) (19.350345869708967,-17.150011085116965)
48 (-19.220970062064,1.5598368596319894) (-93.35592192278641,84.10980955488584)
49 (40.64212643487374,-70.1272173120436) (-30.862053258742087,-31.15239077341792)
50 (154.12348676053188,61.84919516521943) (171.76135862878684,138.99358283730058)
51 (101.51453680999388,86.09638630874676) (-32.45405385426834,123.9543665728437)
52 (116.9010798279718,37.38426272135385) (137.73753402256483,30.425799026422524)
53 (-8.180094342547974,-29.39485074472817) (-113.49405311808991,-113.8300116766478)
54 (-39.517182999209275,19.821299511254626) (-52.84901178616532,42.23290440175996)
55 (11.09280905656431,237.85428690274034) (8.323456703837353,168.21678836322593)
56 (-11.103097036680019,-9.397464026062977) (59.28516073453961,-26.218500106674647)
57 (-99.90928071780206,-121.64282919591686) (-6.918746851143851,-77.61001146571788)
58 (-24.143860596385878,16.090777748591616) (85.61230539579466,-52.940537401282626)
59 (54.17362872298636,-91.53708123088863) (99.99302156001676,-161.91104921200895)
60 (-191.90129573085127,32.855986864188225) (-290.0778207750119,59.74693711292666)
61 (-12.097187020801801,-34.60278354710387) (-25.562220471479712,-22.522232703830536)
62 (67.70845243527742,120.3422041646086) (58.98312862579809,93.5507923036442)
63 (-72.49767629299559,72.97116133932919) (12.862414586847834,164.34462097336376)
64 (16.83114014797101,32.98704810410998) (-51.53198898543158,-45.49688442635706)
65 (-142.65037718518084,-23.529893012728095) (-266.8638360950856,-78.28808556947803)
66 (117.31644622150904,26.221122296577484) (48.58635013567087,-24.8108313028535)
67 (-8.874004047481348,-27.16792291737516) (-11.05641780886382,-133.2362635799038)
68 (20.571663630666624,-66.18760230966605) (14.884614268208955,-105.43996730211754)
69 (16.87917981537988,-22.694776627983224) (25.201019259643843,-98.20963347354282)
70 (-0.5225072369016832,-57.27271076132196) (106.56800869938274,-13.354869061157778)
71 (9.089586501247474,45.03191805748082) (104.63549132494683,144.85329757170277)
72 (64.97374546417804,-70.92250981078553) (17.010492699758622,-19.635703967894898)
73 (-133.56148727135883,58.923590983404665) (-251.47778167051558,6.931852784284068)
74 (-19.031407643857357,-11.533229082931808) (-30.49194423803676,-45.55465183032565)
75 (-169.64352799116838,-68.96105962322366) (-112.8810275029655,27.183923512290974)
76 (-24.589117528515764,-71.79986968206198) (77.39698317365733,-67.38278201111447)
77 (-29.829250994239672,-28.007284418338934) (104.38093263046868,16.276869131638072)
78 (-61.36364479736893,-122.74921995907354) (-178.03715994879298,-34.82479110011876)
79 (-11.147021845506863,35.56068999517422) (-86.11970130195249,66.0194225198895)
80 (69.7398329261986,-32.058751537945135) (102.06411026188233,-24.49408190971745)
81 (61.912054658652565,-46.85875330739105) (139.7979065194713,-44.13912046285257)
82 (-14.245927533043336,-43.406321742606416) (-109.61350700205494,60.82079410913277)
83 (-30.462031129447077,29.152591837411403) (33.01606957843694,-3.1761996172049045)
84 (0.3734258650336632,-4.289555211054121) (-94.5130051548069,103.7758396593925)
85 (-125.27376937777534,31.547682653159267) (-106.44077235715002,-79.2336135482551)
86 (24.054710554371447,-18.474830117811386) (-102.25161995145746,59.245459667671746)
87 (21.42560124291435,32.42629449973791) (-45.806166925198184,-38.45509809877612)
88 (72.93139943020478,79.61160958993983) (-47.046967350612746,-10.260306062512697)
89 (11.260172711696107,-0.7296808816929534) (-83.82930011949702,39.49129623353723)
90 (-76.97729659656937,62.22605805532056) (52.885750544754416,51.02091561079115)
91 (-13.673325937793642,-36.24738916871947) (58.64219369178797,0.6701134006284306)
92 (-56.158076155520995,-112.57283056947568) (-29.972237087383142,-20.51700049889054)
93 (-52.916227205144594,81.0945355031154) (-6.731356015955981,92.7137364884062)
94 (-141.5303056158827,70.10701325381756) (-178.65377427508997,58.78127244775419)
95 (11.734207835628695,209.7929378452073) (127.68423437644452,153.97067492922577)
96 (8.864402533197577,80.45543979105753) (98.53299272907418,105.40989576943818)
97 (42.73136526110629,160.68769609619622) (-7.5935439342470445,49.773838244024205)
98 (-127.1149346907527,-90.39118139866386) (-216.111758733943,-17.923536023400644)
99 (-74.57529370965321,38.31368170845221) (-84.83526180379982,47.73227412447677)
100 (-7.660621608226324,12.844071587491033) (-41.522565033147025,101.15373564998369)
