loadNumber pickup dropoff
1 (0.0,0.0) (-27.65124335581527,-35.71312615174109)
2 (0.0,0.0) (77.54186131416593,-3.052545614132254)
3 (0.0,0.0) (-27.691683498418115,75.92100678101183)
4 (0.0,0.0) (41.771981926720976,-83.55624923766439)
5 (0.0,0.0) (28.00272764344653,-75.86790656753928)
6 (0.0,0.0) (42.59646097793897,45.62724019497641)
7 (0.0,0.0) (-9.98138467605905,-83.48545690131364)
8 (0.0,0.0) (-28.46661025537209,73.68535462723231)
9 (0.0,0.0) (-40.605709165514234,75.1940644225165)
10 (0.0,0.0) (40.91538554963977,-67.74587953126974)
11 (0.0,0.0) (34.73716889954024,29.69870540482785)
12 (0.0,0.0) (-28.401954720766614,-4.031951898552104)
13 (0.0,0.0) (45.11059339078315,65.3830917688839)
14 (0.0,0.0) (-35.82625467603028,-17.020308187271773)
15 (0.0,0.0) (-16.059597450591774,-65.02477441590497)
16 (0.0,0.0) (24.744679083842193,82.6735679229264)
17 (0.0,0.0) (-23.715315791380437,-93.73106291674716)
18 (0.0,0.0) (90.38429174834071,30.583788416608467)
19 (0.0,0.0) (-22.35290954882809,-59.31921602897041)
20 (0.0,0.0) (-98.32991306647881,10.20666725558359)
21 (0.0,0.0) (53.64256679456651,-11.124194348756333)
22 (0.0,0.0) (-54.37285150586311,-6.666211455218683)
23 (0.0,0.0) (-92.26454613185211,10.60236282764301)
24 (0.0,0.0) (70.12729069741741,13.178691048637635)
25 (0.0,0.0) (51.013793148559415,17.199024406960675)
26 (0.0,0.0) (67.08549329082,69.22686747310496)
27 (0.0,0.0) (-16.563367489540237,-85.88229083630658)
28 (0.0,0.0) (80.91363070907782,-48.81931123168696)
29 (0.0,0.0) (49.91004958852361,46.15381268988205)
30 (0.0,0.0) (-27.249630351121763,1.7703526205611801)
31 (0.0,0.0) (17.13234839048206,-22.374260278279817)
32 (0.0,0.0) (47.931370604301485,-80.35945408904254)
33 (0.0,0.0) (-58.91004814137184,-48.64616789329713)
34 (0.0,0.0) (-14.541365583515631,28.099341035122624)
35 (0.0,0.0) (-2.437406719972296,-18.11002999459659)
36 (0.0,0.0) (-43.75595083887968,-6.139277339642575)
37 (0.0,0.0) (-16.596213708039034,-0.4971802151520386)
38 (0.0,0.0) (49.63783679134861,-18.77796740676819)
39 (0.0,0.0) (-37.72952107744086,-82.42178740925058)
40 (0.0,0.0) (55.97603338998329,78.37963407002418)
41 (0.0,0.0) (49.92340011784263,65.58769595993924)
42 (0.0,0.0) (-88.87042698176748,33.956950767674456)
43 (0.0,0.0) (35.8963960107094,-19.20751385174504)
44 (0.0,0.0) (-50.161885574401474,83.77147207037372)
45 (0.0,0.0) (-6.665467980222599,-16.900630998264198)
46 (0.0,0.0) (-63.78839938685051,71.8306583361583)
47 (0.0,0.0) (18.884897764994008,91.3749625192191)
48 (0.0,0.0) (-24.06191079817174,90.73778855739775)
49 (0.0,0.0) (-19.520831391258053,83.74996732095951)
50 (0.0,0.0) (-94.55739790801178,-5.840409898359396)
51 (0.0,0.0) (36.306517295653165,35.60835178675156)
52 (0.0,0.0) (15.558083630327442,78.66161451408199)
53 (0.0,0.0) (34.685946262986725,-41.40702652363392)
54 (0.0,0.0) (-82.32563004785355,-42.27388750385654)
55 (0.0,0.0) (3.786156324197601,43.7396113022685)
56 (0.0,0.0) (31.716203473219963,80.02938241608769)
57 (0.0,0.0) (-15.35899681245876,24.5889719256596)
58 (0.0,0.0) (58.147741783139345,77.3057497634461)
59 (0.0,0.0) (-45.6893503471014,-47.96852872128686)
60 (0.0,0.0) (-5.782130231141133,-34.131993270564976)
61 (0.0,0.0) (7.663850169604207,-45.20493394514274)
62 (0.0,0.0) (-85.495025007076,-16.06484445728285)
63 (0.0,0.0) (32.77668726198359,-20.316782104694404)
64 (0.0,0.0) (-38.54990697328024,-22.41890872558297)
65 (0.0,0.0) (10.34335484883276,-59.04236421577804)
66 (0.0,0.0) (62.093526727768,59.29456869956032)
67 (0.0,0.0) (-58.929572440464455,-71.11695846008229)
68 (0.0,0.0) (81.76543738965839,52.21941525857981)
69 (0.0,0.0) (-33.40583139723674,85.39575867154035)
70 (0.0,0.0) (43.15596090248163,57.53941938329382)
71 (0.0,0.0) (-19.218446966463958,68.20645722157967)
72 (0.0,0.0) (-19.416706991989553,-17.58074776222538)
73 (0.0,0.0) (-70.89496644916046,-26.09653808898472)
74 (0.0,0.0) (-36.711017472089075,36.21935944552625)
75 (0.0,0.0) (78.08221815941836,54.73414604390354)
76 (0.0,0.0) (-32.25991987666954,35.85045576361269)
77 (0.0,0.0) (2.1736063337702642,68.57576929091744)
78 (0.0,0.0) (-39.90603181217683,16.503823385396753)
79 (0.0,0.0) (-32.13469478058733,-57.123082407080865)
80 (0.0,0.0) (-51.95146135563891,66.73445260537723)
81 (0.0,0.0) (-65.88112078898799,-25.435337774074007)
82 (0.0,0.0) (-34.828661139131796,37.75867261228397)
83 (0.0,0.0) (44.666165996886846,32.08376398240625)
84 (0.0,0.0) (-89.59629465579324,-32.07135799507009)
85 (0.0,0.0) (-34.671203161191784,-2.3607308851298994)
86 (0.0,0.0) (14.608741183285048,-10.884302361604679)
87 (0.0,0.0) (-56.981834225048964,5.324749113976829)
88 (0.0,0.0) (-7.8957114614137565,-58.956408128480646)
89 (0.0,0.0) (94.77584996298627,-16.18242065402991)
90 (0.0,0.0) (-33.93760742589949,-21.131846183386703)
91 (0.0,0.0) (7.74003820599449,-2.843549658405992)
92 (0.0,0.0) (-35.07106769569647,13.294155059897257)
93 (0.0,0.0) (-95.22032704198381,-11.21401690703508)
94 (0.0,0.0) (-54.1831647883924,-6.929974834073326)
95 (0.0,0.0) (-36.51559289698912,-31.359886575560118)
96 (0.0,0.0) (13.204830614647198,-88.2451977106194)
97 (0.0,0.0) (70.70416960261225,34.24978304933837)
98 (0.0,0.0) (-54.09954032351318,-11.33081889516382)
99 (0.0,0.0) (75.71364956862006,-64.39967506125461)
100 (0.0,0.0) (20.357205575854273,70.78083566294748)
