loadNumber pickup dropoff
1 (-141.56935649764492,-156.77876587188908) (96.52340902785357,99.77703751931058)
2 (-53.02999588145243,-61.71298132498342) (-147.06572263276655,-298.0815434555031)
3 (-18.40395206836413,227.40596639037636) (24.501063914511004,217.9790536003394)
4 (-131.57317089692492,224.46792078871997) (-198.32816623364366,261.2953832727035)
5 (8.721512542338521,-57.21803699354069) (-173.63020322628162,30.8870668180508)
6 (-69.15376599888366,57.72206596757471) (63.25810379212377,-127.14559020706373)
7 (-146.96794759642952,-37.92745502928757) (-46.862552862211025,-182.51480963268608)
8 (30.69010159167755,244.34516030654788) (-38.145364810473865,271.28159479066574)
9 (-108.24929290568923,184.96843724771384) (4.295234443816219,49.786743112392024)
10 (213.43772334991692,62.712033367223135) (273.344027704764,203.9528716262838)
11 (-263.6665854280681,143.94169742892933) (-149.5126166184352,-59.842107458717734)
12 (70.41310402878497,235.05885054452085) (93.22722747331441,164.8101200438263)
13 (48.1691715262922,-115.5167344034471) (-108.41510858822424,65.33678660608088)
14 (185.0904118355923,191.13086025545775) (101.24678593782969,135.70890195182443)
15 (116.68895932556588,-123.15399462577338) (36.120268060068064,-263.39162179782016)
16 (167.1400558316738,23.837946788894552) (150.79075700606543,-210.1595865372031)
17 (213.5603714782452,172.9834310694697) (183.85744258505403,58.940146017090804)
18 (-201.10830960882436,-78.37492548913039) (-104.71337214705481,-233.12971697073093)
19 (157.59817353798414,73.78699498673491) (-56.238105615670335,156.33240156744807)
20 (46.283185778744425,132.75291000661713) (-143.8722464473646,-66.4026381451261)
21 (-68.53367234302196,189.62376667582203) (-28.187991959149315,316.0572661025141)
22 (132.66090985477928,112.57507266803523) (15.46441400306901,-196.27303058710388)
23 (-73.36977468991833,-96.42118027263687) (-91.95032345541817,172.0785070044886)
24 (-113.15471693031125,154.2551823410045) (-221.44814452569412,-51.92413154889646)
25 (5.395948913754604,-49.81481740286828) (-148.78027200418876,-295.2155475363064)
26 (65.3201769902715,170.47180644485286) (222.80252667389507,112.29447473585645)
27 (27.90937480702768,-83.85917965408272) (-126.52638869911203,117.70973672425157)
28 (-32.60324598140631,86.80355468336565) (-46.400712999774036,-226.0342928654249)
29 (215.78235574440893,-119.36267609104979) (-66.2504169152141,-96.40984884340479)
30 (23.47152072979208,-92.23267218368002) (212.4050088642173,-69.16165869622274)
31 (-23.020396127468093,289.6298613617458) (-14.558623091685657,335.2859231210822)
32 (93.83661397971579,-282.34230792874376) (87.54940296518103,-289.2381612228422)
33 (92.50758048953254,-290.40256321258863) (170.00159539833717,-136.41784030882343)
34 (-89.04112625690361,176.84614081270016) (-88.11119847276477,-8.224930468382961)
35 (-48.68485252651706,184.613713011269) (-94.54604522958482,245.95445196066572)
36 (13.727090240767694,-285.72068981375054) (-137.76028905738139,-99.72172119270606)
37 (-127.41739808439924,-38.815258707076985) (28.083312462163274,-201.50201395503612)
38 (314.56319401995034,85.76443609580949) (152.73729915410473,-48.46211079549081)
39 (84.87416300500794,134.65005073070364) (3.518143315380115,-47.65129750077619)
40 (157.53097410470158,83.23176469830997) (29.189346073210448,54.354796796333204)
41 (161.55827147738282,-107.97488342183225) (132.3259694299052,10.798517870291137)
42 (-257.76952987775735,-91.7191126841976) (-24.884210378612675,-171.5786794007329)
43 (-155.35273889397413,-0.9228571213400717) (-17.087947051689817,-230.04844269755208)
44 (19.207210552117616,301.91859208590563) (79.24264575859495,113.76279613616786)
45 (-249.0618644322438,-17.81518654859776) (-122.16930704210428,-91.76548481816901)
46 (56.19780745409088,-12.694007227369035) (283.84860477409205,112.03539671529512)
47 (-142.68203631686742,131.60655494710633) (-57.45809430066254,-151.133306900372)
48 (-271.83777452326757,55.24978147308677) (10.26450693737237,20.38514729562249)
49 (-79.91592014496524,114.91018442296307) (-137.46539117107605,-21.926643176914123)
50 (-65.06143145611013,-185.42963180403618) (-45.86181452793512,138.14444450979042)
51 (51.49647372142092,104.67466306901981) (-207.11553849522278,-132.77606487301566)
52 (77.70178742118775,-181.09586853273458) (73.15463277589396,70.44483190375453)
53 (-161.72642063834962,207.36586903815513) (-55.38827403404495,-94.13868146041722)
54 (282.63844008207053,-188.27936713076647) (150.00865104568743,-120.8786432765889)
55 (-165.0717374185246,-173.3162677566749) (-76.03269577860848,-219.61368064712002)
56 (-64.26947498341072,-40.942001551461274) (-19.794668781024082,-276.3940966703174)
57 (197.50428141373283,-55.31392713495425) (-43.2721669895998,-9.353276687590057)
58 (7.912748513846728,147.3456087148583) (22.931048333572072,-91.85964782806293)
59 (124.74268276465152,-19.111009536693228) (27.968807358514702,185.0914145183466)
60 (-106.0666629063272,-56.12352870503536) (62.515135713556916,144.84040219162839)
61 (230.55767695025608,-84.28955575665655) (-4.899222122989216,-46.49628081471326)
62 (-99.61632677736797,34.78968742557208) (209.0498321049872,-112.57222605269178)
63 (152.89475503750398,-80.6765787469858) (194.21706905553876,22.869640376634795)
64 (-35.43325983643214,-259.01277997376843) (-74.27639942727183,-82.68287024945809)
65 (52.7613302748077,23.4572852317976) (34.66956803551199,283.6304466878454)
66 (12.247168971059809,-1.7568613473474703) (236.25647281057712,-196.89923278536887)
67 (111.82950582473117,-215.6838081304814) (147.34210872415355,-171.7667654656966)
68 (95.84068662941557,263.96625215357113) (167.87836157546295,11.838359377815703)
69 (-197.03110700016282,61.47382553633555) (-273.8172075823783,-13.663655973300509)
70 (197.3169685794322,186.28857922020148) (41.70357620503967,-52.11663238586139)
71 (11.94761509365534,-140.91014337446802) (231.99007596214815,26.370720505097346)
72 (34.7991725107942,207.36532633456804) (59.16897907457665,214.83035531882894)
73 (-79.9444181198554,-246.8282714204912) (10.819372622254473,-119.78384276428592)
74 (186.3784403672233,73.43284536721843) (236.2011261788897,-46.1792194794917)
75 (286.39474497578084,-88.78815157517508) (172.06736783463487,-167.0342128796399)
76 (-194.14345549915933,184.29675756410984) (-300.73574115492664,134.19251854839516)
77 (141.00622816000572,-47.43233475054924) (55.54880492757939,78.33912765495538)
78 (132.79061661371628,297.5781190002732) (26.733547157021093,271.1625202759109)
79 (-326.8422801390117,1.0363433825917037) (-259.638281592053,90.58793610981442)
80 (311.8834910048099,58.24050640101167) (136.89501813237564,14.110837379130162)
81 (-216.47242529087518,245.52522292298826) (-136.070467287419,39.75698868011701)
82 (111.65684705201386,-74.86684906474808) (131.475938531197,142.6128925525546)
83 (-14.31719126306878,107.10347316775866) (-100.12014877124767,-89.45606754565178)
84 (-177.2986776356568,-237.6257759642332) (-157.70514352545877,-66.39264398992603)
85 (93.00394512458135,246.92500718134238) (102.62013879427344,-21.886518895768976)
86 (46.32859740521734,-137.13665085661214) (116.33188187594371,-96.48315787689043)
87 (21.606413703316694,147.9599230733746) (-94.55256148147903,-162.37585867936497)
88 (23.451500399334613,37.92392332142674) (-59.40239703185322,267.3566741357806)
89 (-288.6403656886086,168.40837531949947) (-201.77272006060642,37.256102483216985)
90 (-224.79737479734004,-115.09994518091659) (-121.4481210046792,42.03669759038371)
91 (102.04446223944662,81.8194232135915) (-53.71307597902187,-9.152543549165411)
92 (-96.87864123254667,69.16412294214643) (36.43222242715793,-11.555932656840756)
93 (39.65762435108235,-60.23987047115966) (-116.33932459196696,-175.29864864957253)
94 (72.34688286253295,63.34568063574783) (84.6726885328847,202.8593447132408)
95 (-62.84107032882002,155.1219854568446) (-111.47283680432432,45.4383034413518)
96 (-273.8915081045057,199.56381563516433) (-36.7872938493712,74.5359025607589)
97 (40.91205185792358,-95.98697801768843) (-154.47612251518677,15.227174099258754)
98 (-61.576429868186445,184.085401509777) (-27.287892992765673,-11.52253120193966)
99 (-28.254997840830992,260.200496948621) (77.14368981481527,-18.44711529751599)
100 (-183.44720341638123,-141.14645631578716) (57.36021687472757,-30.614935394258097)
