loadNumber pickup dropoff
1 (-102.07924222475076,-210.9116337898495) (-108.33503857782847,-139.7066009861145)
2 (-92.67037818897688,-169.32602212210614) (-149.4744590125902,-180.9129405149487)
3 (177.7403163327895,15.228574247064362) (234.62918916105056,6.793236431189552)
4 (-164.25684616301618,-207.3473442803108) (-139.8724386611259,-210.1692204882971)
5 (-64.50138307118542,-21.771926179129345) (-92.7575670391276,-93.8484866760503)
6 (91.81767803393615,25.313445953667426) (173.29015562754512,9.869956964792424)
7 (-97.1944328870245,-100.09728330394728) (-118.33184166331903,-94.30866563385995)
8 (-6.435009373763904,-13.252723755669313) (-60.44927500081222,-25.830243799569253)
9 (-138.55414712471443,-216.88575045960533) (-117.33813643714358,-276.87235425656223)
10 (15.221201499656804,-31.76979884889348) (28.95832655499246,-50.058818187527535)
11 (-88.92234875728336,-106.5916053347031) (-45.20743211153324,-108.82908765666504)
12 (61.06428447419172,-106.89226510046358) (117.76095034068882,-165.96299462520176)
13 (-7.3297410392691305,0.005024296685979738) (-17.259441317885177,-64.99550335643474)
14 (39.37358179908566,-176.30075908810258) (114.87336298533796,-235.9515215337208)
15 (-2.3421143351540445,-8.90491347131447) (-69.01422645360903,41.86532783055394)
16 (-20.9860700454053,-75.00951712149545) (-87.68330453797753,-133.17166335270645)
17 (155.34976412656388,55.89102943207527) (153.90268831149302,131.75921974448505)
18 (75.33064079616831,-128.47323274308516) (68.6405949068548,-214.2094649861013)
19 (179.57624363758617,219.11834277414076) (202.7215817729023,262.0011181136224)
20 (116.95609777112774,-9.800037135277194) (145.9788123097529,-29.31273038803907)
21 (-127.26694543076907,-85.68133814834137) (-130.45983467780374,-92.75657373367073)
22 (-91.28759920737163,15.890885869041757) (-1.9619909137043265,25.205696951147438)
23 (53.83097775011222,80.89239559842372) (149.0618410059109,50.7774623192762)
24 (-64.0608858844529,-23.674553022242346) (-92.10997971811744,-102.18277780065472)
25 (69.64861337301159,-212.43136864540287) (146.24408003230073,-238.55577453823017)
26 (-152.97203985107896,-181.86220888503055) (-67.35211614633614,-137.69911530080122)
27 (-144.7237084697046,23.262551887683205) (-88.00272225085229,60.70020825662765)
28 (59.8699577965552,-0.18152908771679233) (111.58594742339903,-10.101158332759848)
29 (15.536486565697512,-76.58675474533226) (-9.174380179964132,-14.26984120561037)
30 (-136.9373889458173,290.453893317551) (-77.51617427560166,312.90921087890905)
31 (214.09001013550997,-37.15743581085485) (211.7055420649477,19.695004696164318)
32 (152.57761930221943,-240.67570316640624) (177.04719460229916,-198.14982957010847)
33 (243.0751878104339,49.64908478001309) (161.62775077817554,3.9395909271597773)
34 (173.84649988212283,-207.28417426371746) (195.3192112195642,-184.76607365410212)
35 (114.45832077034748,-168.48295229329608) (75.86665582952534,-218.29377570707138)
36 (-40.62321008686293,-70.67346373632634) (-53.31922074973157,-136.15819615136883)
37 (211.59770149751256,-246.33998347634434) (214.21400909693435,-164.76499597856508)
38 (141.40252292379822,-194.79357950535723) (212.06813153347156,-251.79991770049088)
39 (-108.79309224677672,-135.3217341869431) (-85.59457170827055,-124.08669432749997)
40 (-33.647725549589744,-57.03229447936637) (13.776373791606098,-35.27143568945963)
41 (-85.58418281405548,-116.1779602247278) (-98.37754467311544,-165.4894633873618)
42 (-58.65874227988221,-135.6535217590214) (-108.06116551691116,-217.04479529089122)
43 (-86.69596542176224,-120.20617323433198) (-75.60841170112698,-66.53067377921138)
44 (59.23118843651687,8.103689878865943) (9.81369483147759,14.520797916176978)
45 (95.98996933566306,0.47262174180514016) (54.27147552304549,72.58315069761869)
46 (206.77448667313297,19.769037938561794) (240.98999277812428,53.50420559877227)
47 (73.11995374900647,-5.4154898257694555) (57.97117317787648,-4.553982000246993)
48 (3.2043210371260256,0.03151176522630727) (93.11794417850584,21.279883211549926)
49 (-114.54625430085345,-100.54700927368812) (-194.3694840415315,-65.26427868212284)
50 (98.90979829016283,20.26953719230057) (91.00212175314923,18.292979325197024)
51 (-4.7802122065583745,2.4627677781495323) (30.955230040471378,-34.2294315560898)
52 (41.46467671370528,-64.8631971842818) (57.26291899484452,-106.46835640146202)
53 (-132.19206446118616,196.83380192226952) (-78.5433948873302,276.2306700408672)
54 (-174.15335834451784,-39.41560845838665) (-137.71778172170454,16.243288485038825)
55 (-105.94404943705337,-94.37879278925051) (-43.82630947263182,-71.35665160359241)
56 (0.11257994871157884,33.252464813844455) (-15.737803397011854,25.46319753713181)
57 (-41.053748839131956,-105.98619843461626) (-80.59739626698759,-111.63780912674333)
58 (-49.04022588874632,-29.89970879162263) (36.72069858216062,-30.988308307557347)
59 (114.06090895648018,-236.3592584020058) (106.77945659413643,-138.14281103513906)
60 (36.0797182779786,-51.85376605063999) (53.85863298965266,15.962496965932715)
61 (4.601832401136717,-6.993038032231799) (6.924855956285384,-81.16572797120816)
62 (196.55550043988265,263.4678605867066) (177.92573167971008,244.7585472478887)
63 (123.75893365018858,-233.13885242806901) (136.1037476276231,-325.04990371942415)
64 (-90.37742243397041,-50.84106394499232) (-105.66920389160471,-98.68547051683515)
65 (27.02788851150114,-35.9875490332802) (-39.44824606609536,-54.85505308667376)
66 (-128.19677844647535,307.0313051889068) (-130.02201828720058,283.6843511426747)
67 (-96.84487316848359,122.39697422710785) (-123.72816726891286,200.22573251379637)
68 (-13.203235120356288,20.41169429851178) (72.46112853138735,-14.728784076302116)
69 (4.023927122017757,6.38033335915995) (-66.17311439590142,-12.42006401703542)
70 (-2.9236230724442698,7.3079710811588825) (-40.480186474231054,-69.9013130404183)
71 (44.12508504487688,-32.94109325687429) (92.10301796024174,6.774481605775762)
72 (9.000246647918539,-113.23064538902663) (41.95465123308149,-185.68251876139942)
73 (-91.90755543135131,16.690783004238867) (-170.8096187893959,-40.23269892275896)
74 (160.43251139901278,11.387524883582241) (153.62624711937673,-56.13303140363526)
75 (-97.69855617651558,61.13514365570276) (-94.93706191179021,127.09444565364836)
76 (-53.53093203614715,-142.650353666377) (-99.44405812882687,-212.25168363525347)
77 (-84.0434142551922,-131.72252590199602) (-136.74454095895962,-84.2472615382687)
78 (31.506112116856546,-247.37087464967468) (113.70747138250198,-241.0283449363897)
79 (-150.70401410414203,-169.26873272188192) (-166.66851751502057,-209.23374310551415)
80 (-14.492010111170757,-15.414246471786877) (35.10548018200515,-71.48016047007971)
81 (-52.83377250018245,18.54549146688198) (-29.845389013960617,-74.805604433778)
82 (-69.2893897338225,278.3718200482444) (-124.96548398681857,299.893548034557)
83 (31.370259855840796,-11.477090584771279) (-43.176010789341134,19.657720877747384)
84 (5.986493573107482,2.8544140560901745) (27.549628343996904,-3.7091845251746234)
85 (67.2207087215656,-213.58709414296595) (88.63272338056211,-159.23315944500223)
86 (192.3574129575343,-179.70170915124706) (207.77137136595846,-272.4047630815563)
87 (-40.29703925019722,-73.56285046169455) (18.34651868909613,-115.45937782225454)
88 (-83.12496684364585,-60.1484750052201) (-92.36595808893698,12.549071488723023)
89 (-16.274994333691474,-56.49108473558671) (-58.254061157931254,-27.01862407122728)
90 (234.88950907239752,2.210528426054024) (317.34013227079885,9.477474233772295)
91 (136.42149874422194,-28.15676884894142) (209.42454403824723,-37.58202947825264)
92 (-78.46328916897235,-149.35813573949747) (-158.36495224860508,-164.98406446279182)
93 (148.06762265434364,128.69667998847984) (184.71952063378941,217.50831191331335)
94 (-75.66140503638738,39.28646779755365) (-19.392601566377166,-23.565069664028677)
95 (3.5961193472126336,6.272968403247561) (-85.74622495670113,9.103567094953325)
96 (158.9266881622284,-60.542621171401024) (84.68481343998334,-127.40566824703359)
97 (-101.49817914586913,-209.54936557362186) (-84.85573878938546,-145.12262645090942)
98 (115.53583415756778,-142.326177582791) (142.75832942790217,-191.69649136634612)
99 (91.20188736431294,-158.38195682447264) (37.93212131461736,-240.57687901621082)
100 (-123.4985789817406,-94.32975165308784) (-84.1337395460638,-46.59556991572452)
