loadNumber pickup dropoff
1 (-89.67728347068282,55.424302161462386) (-154.02234940868155,80.02276610507973)
2 (5.151263025479295,129.63716993350806) (-43.92076430630231,78.62650573603386)
3 (-185.72066528517388,-32.67238846684288) (-237.03328491440135,31.61072289518578)
4 (3.2702473040000264,7.887759725612586) (-12.714865255521257,44.58282039108114)
5 (-76.40736549225909,50.677271498614026) (-37.665971377471124,37.741600543333504)
6 (-9.881948383274743,52.00945255622954) (-2.0229575548540843,3.593565771576003)
7 (-97.35375264883932,38.12872174585287) (-176.7476169852972,50.15545848237449)
8 (11.597942213228032,65.49039415708948) (65.1206663182784,141.42153506699867)
9 (-39.61508716129601,82.70683621416165) (-11.43380379830311,59.05034446593281)
10 (0.94627890196503,-3.0906280560986126) (-75.45565399645528,-16.1307298819926)
11 (17.40846844540988,38.31985344796441) (33.42127543616199,108.896414366269)
12 (150.6834442813637,195.91633233409462) (174.21178325990468,250.28283371284869)
13 (-170.54778176675063,54.84463614379479) (-199.39410545316431,42.064906549003325)
14 (47.423091851305465,23.15871391891529) (2.2984940824014117,64.4107238768992)
15 (107.21974854197437,224.31021098923017) (134.9160710094517,283.2728584050051)
16 (138.3722731259356,287.93261648828826) (156.32299233495118,199.5156245933761)
17 (87.56600359089559,114.30968035112612) (10.488662521063105,128.15132333982635)
18 (-13.014109358429048,66.35295127017699) (38.55401702088948,25.450135386939785)
19 (-135.21807104999797,76.55818412540934) (-84.29537616076163,57.42320732022694)
20 (-158.0796455275317,78.15785886894861) (-96.30913078311713,36.326526693440435)
21 (-111.09842025856001,80.22476611127206) (-66.85376875540365,77.45239295366343)
22 (-120.63247803763564,2.7339972559263304) (-114.00385705156032,70.81658692490899)
23 (-198.3525380799121,34.34594532928967) (-121.1910811603883,-13.41780249468858)
24 (-118.37244207961372,13.692081652484946) (-71.95233297008667,54.680454575469774)
25 (-124.8649152487819,-22.246395032523772) (-91.7742770671615,63.37618229305624)
26 (-3.5565136473955974,-25.161966497727263) (-54.017391388743405,60.866292235592184)
27 (-80.83655758447964,5.719306712510909) (-5.194007459189152,-30.134351891034374)
28 (9.723760658931566,189.3348381343872) (88.73824571431577,136.5522689119475)
29 (-49.319727816986955,46.838836475676025) (-75.95303357860433,-9.315103885506481)
30 (90.95067564160644,214.90032240811158) (1.8698955657856544,185.46335561935803)
31 (30.334683477211765,118.24635216126097) (73.76079509712777,76.34124745929032)
32 (0.07592508326594016,7.006013120371443) (-50.22987799277437,59.074483559331235)
33 (78.53108366750891,78.6279413129491) (87.27407651315119,116.29643866040648)
34 (-86.70992330510842,0.8925643250706377) (-76.85702646558882,-82.57721391181838)
35 (-38.32755479865766,32.206282876451716) (-46.362577441800816,40.383713379813784)
36 (-9.302847382393066,-3.565364745115913) (7.57319422362947,36.75919989233088)
37 (-25.442487504625948,-214.3240702002748) (-107.3395897774117,-192.6485228465289)
38 (-104.18921816818226,93.57241352809802) (-86.50026523069762,0.941432037005896)
39 (-70.81837013315803,-75.91024045881815) (-25.63791186374037,-132.33856237109782)
40 (-245.58434168224005,28.067347684184586) (-289.16300290829884,-34.26843830228405)
41 (95.11648713323899,142.90625656494566) (101.43962125737035,218.47816337045273)
42 (-45.650698507214194,67.09691729618342) (-128.85819162321775,69.6136832985147)
43 (-80.1484915936026,-12.005153788608402) (-145.98831798248423,14.77374170825348)
44 (63.44341317942781,136.7352301251436) (89.20576551912085,207.27773631439715)
45 (-55.59250938341144,64.75002766617756) (-120.01709475589098,12.81394220873024)
46 (-23.420710269419704,-127.02715051193445) (-26.41511668413905,-208.4146468801647)
47 (-80.75058780600799,-11.755894089191827) (-121.11029012299812,-6.976791894231634)
48 (-89.08914982869408,56.07316341321568) (-85.80884585987633,-3.0083180565463508)
49 (-136.9136794871765,14.7091062535154) (-190.343412619539,-34.087157563308665)
50 (-73.7956157387364,74.61173984752715) (-107.7484293061713,95.92768297057823)
