loadNumber pickup dropoff
1 (198.80921111064316,-265.68882251656703) (143.58499788844674,-124.70598470450753)
2 (63.826877355716455,58.32305825978679) (13.319000501184389,-222.3328601858088)
3 (108.79858347991359,-97.75161717863563) (31.193968221596425,62.1759912017961)
4 (295.5948796525326,-159.9644939711027) (212.87685722276132,-96.2947286169229)
5 (270.7758181965042,199.73107093618341) (45.37114065854553,121.82114207003751)
6 (155.52385362769974,-67.17641175658021) (158.70762306884734,101.94548372693451)
7 (-44.712090686237076,-55.769078652145616) (43.854255046324525,262.73305828283145)
8 (44.657245045792195,73.39709747394377) (-66.0727791337174,-150.96030816119654)
9 (-214.28544949483623,-88.02432017525275) (-89.83396338836425,31.02588059724924)
10 (-48.08424704306912,84.17540934119566) (42.76232923738357,134.5922271791139)
11 (111.96500968173085,111.71692963674016) (57.50055544995911,86.87365804064814)
12 (-7.308969411963114,-72.33809715548618) (-144.47633346092053,236.67635660951078)
13 (-289.2994583545002,-190.51366851216832) (-58.50174445556274,-103.63888551555748)
14 (119.05075644746842,69.50970309294549) (86.87082400783395,9.268631848868571)
15 (-18.73294076204181,-158.01405781377275) (-138.7113570137931,-212.3767587456933)
16 (80.30530854791462,-17.65521639875585) (-234.01296053520088,22.0006437375176)
17 (-135.9689417446094,-9.236281163912361) (-74.94600959790884,248.2442334921098)
18 (-312.5635303187054,46.54224211723442) (-110.12095913472768,-2.7226042762510736)
19 (-288.41197283796157,-142.72073761998791) (-254.60093503061861,-58.166903665132445)
20 (-221.56386974398484,-151.7217754963656) (-204.45476799576576,-70.82065702711034)
21 (-14.423443660543146,112.59721364903167) (-198.35949161348967,32.55219405550493)
22 (-26.257304767139832,238.1724511018947) (-57.425469987875466,133.232940985505)
23 (-25.139364416646806,185.53669411246008) (170.27829220570692,-81.56139654346347)
24 (232.05550005672183,19.582554367048203) (-88.07035915656616,112.14122545639948)
25 (2.102920759226463,19.287887001843803) (-33.57628784053434,139.1934773244189)
26 (73.17172704185515,-323.7739237877191) (65.86309362950546,-195.9370664738625)
27 (-199.85559704738878,-220.44758212294934) (65.42143776002864,-1.0645955645729688)
28 (159.04442395905699,67.66329628736405) (100.82726523082508,11.855948172368496)
29 (25.625948769045984,-11.282940023468992) (-212.73819452366962,-26.6034130313393)
30 (-132.09669264284162,46.184141852334704) (81.4334790464141,61.92522980506833)
31 (-36.37666140447525,-62.493432697410064) (-61.137007818718565,61.15127109049876)
32 (152.1160888068975,-207.6860619578324) (-77.85088800161886,-140.22667534615852)
33 (77.23611748329307,151.98250332380783) (-177.11330781448203,130.10792202745435)
34 (182.15855943599323,163.86842541723584) (103.26074281312013,-63.782603171265514)
35 (-19.518076188310175,180.13795955351864) (131.0319323736422,-97.26100538568525)
36 (-70.31294725235837,-253.10657804186235) (108.67405103645437,-224.39218671168737)
37 (-68.09772073168483,99.48988124386169) (-266.58439526847866,-78.00897821951844)
38 (-302.46017058666894,-146.85601138091496) (-191.2133150755647,-3.4656581996559486)
39 (118.9394512195329,-284.77962427864884) (117.81703365292296,-24.243669580385614)
40 (18.065740927493586,-151.3756566589061) (57.842328813361945,-14.476472892258519)
41 (14.416312330978286,-294.34719708229466) (-14.518416876575609,-324.04646777514176)
42 (-54.10600311431054,-56.32822401723011) (-152.15188038925388,38.50298077135837)
43 (-199.08948258434285,76.03237700880425) (20.15099621441269,201.649147380929)
44 (6.76464869499086,214.18772982675952) (148.79650320006658,-11.687215619477094)
45 (213.75768748117537,-120.73569589753953) (143.48300788314404,-145.51901733142984)
46 (-225.47669110959018,220.02599736483126) (-192.02331799962963,188.71819297468403)
47 (163.34532890308378,51.99477930986282) (91.16801878493206,-6.096605346280376)
48 (-13.560323180912649,122.0844520840025) (46.997380164575645,346.6166558793662)
49 (-317.83417160388655,116.20482027148138) (-227.1090659948121,64.44565169337174)
50 (-43.134860911092396,254.6954638094648) (2.9776633284366008,240.53507294238622)
