loadNumber pickup dropoff
1 (0.0,0.0) (10.769319742071929,30.08030317129893)
2 (0.0,0.0) (-5.180400310203148,19.75498396896374)
3 (0.0,0.0) (39.23850892289564,-1.1210915955185454)
4 (0.0,0.0) (-15.018451189826967,26.288429552563848)
5 (0.0,0.0) (-28.12375918321961,14.727425486366844)
6 (0.0,0.0) (26.87991729683324,-34.98788400115253)
7 (0.0,0.0) (11.710781178876044,-37.00507088822669)
8 (0.0,0.0) (-35.814071186813464,-22.318222135936363)
9 (0.0,0.0) (20.548958409562836,-32.46417700858224)
10 (0.0,0.0) (-22.156995467821105,-6.230813560899405)
11 (0.0,0.0) (-24.195181134307838,31.227313052211578)
12 (0.0,0.0) (4.501214725842289,37.01352497980472)
13 (0.0,0.0) (23.929074348037926,5.148816491396185)
14 (0.0,0.0) (37.98769109333648,16.23826430939927)
15 (0.0,0.0) (20.694144570650085,-26.471563056525767)
16 (0.0,0.0) (0.4224872422087511,-6.26362552486818)
17 (0.0,0.0) (34.91665899177935,34.15344167371764)
18 (0.0,0.0) (-31.978837279822834,-29.518900423034328)
19 (0.0,0.0) (5.362206376534397,-46.22232864626529)
20 (0.0,0.0) (-17.366610623019202,-31.32207878456106)
