loadNumber pickup dropoff
1 (-264.91649183111383,-55.303821595572096) (-121.15241691952006,52.59477077550236)
2 (-35.939266175267605,290.969259273986) (-82.75404246752005,86.71177329041849)
3 (31.90922938185804,46.55540306347838) (273.68186949766016,3.148379126034308)
4 (-45.21526062223981,-37.27767942816938) (-183.79154583573214,-63.90533037398879)
5 (-2.1499804628740637,55.555027102299945) (159.83841998348169,266.08899279799124)
6 (10.620149692196907,-77.05342231606758) (79.14681491344835,205.14282315994083)
7 (270.069150650826,-97.98143410725051) (102.27272148643502,-101.22422573179838)
8 (-217.88165202056086,-165.35505997036685) (-9.353328611731948,100.77814899524111)
9 (148.25850986356713,149.96062224282164) (235.70922068283215,116.1963033981215)
10 (-58.463721323891725,23.24697886971114) (248.8084865107799,149.68212461205422)
