loadNumber pickup dropoff
1 (-147.2388648159852,0.14336164974210264) (45.15316947943532,-30.059561430270442)
2 (-46.79086156641482,106.42044740178851) (-92.77124890817818,77.96729888211767)
3 (23.839709915303544,-105.13255861279968) (-46.99462430659784,-128.0342855596157)
4 (-34.4794506687896,13.270219446277839) (-180.87433492660762,70.37859805736109)
5 (83.75928442008018,3.2346642964310135) (109.65560125925802,-176.2866031570125)
6 (99.17728989288226,-20.620313586544235) (123.83683504062702,-130.01875516350353)
7 (10.716789713730398,-0.1333225976940642) (30.222800843185006,169.39176110015964)
8 (-12.198103986413562,-36.84354409701823) (114.33002394418283,-61.08770105049167)
9 (61.61595089903682,-39.53129618061126) (107.50757864887558,110.13204500621612)
10 (27.00427542122559,-41.386765761324114) (92.48380798517998,-33.97385225321026)
11 (-44.10256212209045,74.29669703958056) (144.36419114563387,82.7515851097119)
12 (33.83578477289535,26.80159232244048) (99.89117515376294,40.231121138722614)
13 (39.16135806211901,182.12342018627467) (-30.14572349790197,25.00695540020442)
14 (-37.370725660115504,-26.733651220893446) (85.37513500671051,-23.496954937724816)
15 (-7.672604240820429,-39.609276768384824) (-30.36050696084502,125.13049783870233)
16 (-105.49357078164678,17.553706499674583) (-75.25409009800268,-30.955778709467637)
17 (-164.31196244117308,110.95855778443558) (-82.38036832371314,172.06559247000158)
18 (-138.40128263629344,27.69193791274721) (-277.53261436014805,169.27031822435714)
19 (1.3557114893610922,37.01524678563104) (-67.62914946997519,-23.45609884097624)
20 (107.32793121908956,97.4659234665697) (60.977850604945864,-24.283403604381434)
21 (-9.956219292865665,27.853570278655727) (-121.25371432031373,76.93866691870318)
22 (-113.22425896276658,-177.33047736774128) (-65.18856891294203,-190.19994843434029)
23 (-79.90050129853117,3.735267996459262) (-168.49484605338682,10.31474900385652)
24 (35.62374041962286,33.81349343341194) (66.42432000925874,-78.2948772716422)
25 (-60.83853256340254,41.63529118034391) (-161.2024345343242,31.54242897524164)
26 (-129.19445490450983,-184.0756880253936) (-246.40081441661903,-142.30538628264975)
27 (-44.098408834519795,-3.7134363894560893) (-115.37781686286942,-61.45073010376248)
28 (150.24795727110177,-0.347990837483799) (73.80314262102945,14.562785373046637)
29 (29.584580635446752,-31.121577787284895) (-71.48554337080895,109.85202154674515)
30 (2.2893857165650915,-74.20195989110185) (20.932188902397048,-183.68239186533305)
31 (-98.75207073473001,83.29052439960387) (-50.097359693468306,69.74846459483271)
32 (22.158359791798407,22.18677494530004) (196.36414461507812,-31.020185013390897)
33 (29.397273466193575,-37.71727763796085) (-92.67873259008829,-85.64914869440156)
34 (117.54977964166245,66.61826115773123) (22.944194740455657,31.566626158497748)
35 (115.04258260378134,-48.1112941195999) (-53.25922521061301,-140.25517763098813)
36 (-34.6402702688878,16.118168561880076) (108.92963754350586,53.90242528026097)
37 (88.31311336025882,-18.06469350543287) (35.23132506991282,19.781723893125694)
38 (-119.3770543746536,57.629386144683586) (-57.20670295798824,-60.16428616582886)
39 (44.273474821157066,-1.9779762938517145) (137.38308344808047,-1.5133446631112897)
40 (97.09779772588247,-105.53959803321415) (72.52811167909393,60.61701445779359)
41 (18.641148272134316,-43.02593473751001) (6.847699594215426,-241.3653580515748)
42 (81.05613466205767,179.57786401397985) (-31.442876465368897,37.21419032393217)
43 (16.878834331810324,167.2944639338195) (-16.195981058527586,43.398873347191184)
44 (-9.404895600523503,-9.770298480913654) (-98.32521875764762,-1.2450061801194714)
45 (-35.92415337957165,-48.986693728764195) (-78.33974223122851,28.111327095769497)
46 (-31.7637895423317,-155.3020387688427) (1.9313605928837987,-69.22227320094427)
47 (-5.893887160739556,-114.38433621280184) (103.32101255904014,-13.416845711443642)
48 (164.06774192302782,-120.03261539402801) (137.76417063885134,-292.41388735148894)
49 (-80.44914743084082,-58.99494048186894) (14.958618699630975,-83.35599782524964)
50 (33.1566772181829,-6.370552602645694) (-42.61018217193574,12.96273259145984)
51 (150.33809714487546,-39.730760847342886) (122.77535168761415,95.55699147752017)
52 (27.942705100025268,-29.60753548422417) (120.515015529127,-113.46209164153247)
53 (44.566907796068804,22.514632707442203) (139.67422624860149,-31.675165633885953)
54 (-6.860905240711424,3.815144748363626) (90.02485649989006,-83.94185699875209)
55 (-41.8705222281327,4.846794938204745) (-136.99492096361263,94.17235939730551)
56 (-171.6883938630642,40.80080607134255) (-49.37945835493889,136.09052838481438)
57 (-125.22656306257724,-56.58210231277209) (0.5508493554756626,-99.46562295604996)
58 (32.47109531705312,8.911787234836613) (154.790929994856,38.27339817965091)
59 (120.4350163689696,129.77484775213074) (59.0489030432065,181.63666977598245)
60 (98.42242631506659,-105.57596042845917) (-65.4101439999508,-67.69551730393349)
61 (78.46154311606355,14.369709028266485) (-74.49144725097358,51.51517094760938)
62 (-40.80649660981254,57.223414628129575) (97.85279207039906,143.2525254394722)
63 (-11.870364031462962,-20.41605361726729) (6.990490850529429,-106.53925999483629)
64 (-19.157245722713487,-6.067798310763138) (-80.5195299552562,49.441474456655165)
65 (144.39341675968916,131.63773327131926) (-9.495608267476399,96.8463101946353)
66 (7.7864269278187095,-1.0020020360176378) (80.14939024923665,11.539058472617848)
67 (-9.311379752372588,15.570744509303353) (-150.5839614598732,-125.87493744031849)
68 (49.4097890553831,87.45326058631743) (-80.28252511812502,66.40625243944828)
69 (-28.01132772587774,10.604739520140484) (91.88036836810878,91.63960401243078)
70 (-14.467371931904355,94.19963959705376) (-125.02906486975085,140.6323648706711)
71 (27.237895176053993,37.172260967400675) (47.021268513764205,233.56411769872062)
72 (75.8440310439563,-35.292855448798825) (-60.07568959157186,-96.22529294984943)
73 (6.935893979327009,-81.24073123129014) (159.47048419378055,-60.09170138552047)
74 (13.538574847855102,-38.73784840870637) (185.3900730304361,-108.51257176682597)
75 (-29.83056962929377,23.972530655187928) (-129.94489757321998,42.765114143042666)
76 (-7.869874845955742,-27.402787712298547) (-115.58983519150465,-136.9656981492642)
77 (-62.44744329175781,51.27533062651886) (-140.51558815761098,27.476576650274506)
78 (-56.57105244311307,171.52457429576629) (-34.42968999436184,-17.40451557218273)
79 (126.54677706751104,-149.3309479222237) (56.85187570103939,-115.00446926955101)
80 (44.75511758322049,-4.522709030436618) (85.0045197519998,-75.41200286541932)
81 (27.281470827317577,52.314089973813836) (71.97103730379672,88.81940662046554)
82 (34.642314477330125,206.91877668696532) (36.009841273033636,304.34509667276825)
83 (20.463657310855627,30.505849040346405) (14.117057566522888,-12.23291261339601)
84 (-23.932490750306847,10.833877723576924) (86.49722416415722,123.94148938120775)
85 (-126.06446376722866,84.36523380381684) (-117.45279288345044,42.79837751333332)
86 (67.12458143593462,-5.585863848221052) (105.98583125370212,37.97187146676237)
87 (-130.05361687596147,64.08351576138283) (-25.710315624166142,-79.9722031837597)
88 (-57.18752774510557,-172.79899950610073) (-49.932756737594445,-131.19166924947808)
89 (-40.408039781562046,23.830893474880238) (-119.74269255259821,53.67997969143954)
90 (7.184271759238882,73.66360030440032) (110.28208636405893,-67.00302325585025)
91 (-209.41666380873914,-76.77191993514745) (-76.22235719762227,-150.4651982574392)
92 (127.44852317958865,-11.010483916941382) (12.923008836176194,63.220656790262936)
93 (42.80369143448139,-14.735637210944782) (86.51960171017639,172.29057278720006)
94 (-37.4612308578614,-25.62624743704755) (-212.5318710127628,-41.326199720403416)
95 (1.443944122642193,-48.0041678546422) (-82.54909297567173,85.35571232577274)
96 (44.87659553181769,7.542716858580835) (84.67391681232866,-111.69481181938474)
97 (6.844129947502811,-18.792610454703603) (2.28179334493033,53.32522963092623)
98 (-37.3036754800145,-11.721124065973083) (61.6709618739963,-39.81532010766628)
99 (139.67169693056013,18.65457360545804) (159.58084510815047,-165.75588491607732)
100 (6.86195279617535,-27.818463713426816) (-137.36286174610058,-158.99451723230328)
