loadNumber pickup dropoff
1 (72.255165721612,-84.50035528003245) (42.312216511309884,-2.379994330067362)
2 (177.30247702882897,-122.07774124298555) (105.20464133368361,-157.32813108859625)
3 (136.38832957878088,2.7198351521979967) (161.21509781193734,-75.91718064326386)
4 (30.453535249542337,-2.8004373865814154) (39.42494430437636,86.69865515241115)
5 (-14.908743645784167,-0.30018543105735057) (-2.8080948971587905,40.445493024164136)
6 (71.96613274556266,27.214572778383506) (92.66255822336637,32.0244228152991)
7 (1.6543299890900436,-5.35431655803125) (-52.41904751244372,-65.95454909605981)
8 (136.75815051247636,-86.33692436775732) (169.87843431767834,-158.45985068739643)
9 (124.18910592270942,-128.89485909852237) (41.06025306493791,-118.37341911083271)
10 (42.29664358555436,-1.1381574726542647) (90.1905289920324,5.147860699536889)
11 (104.7024696922078,-0.8352716899224433) (27.17823316761701,3.7609018088680424)
12 (112.07081729973584,-25.809091304830755) (136.01838546819243,-87.99960504244856)
13 (-11.431507582975861,-4.88569802003675) (-74.22233089282284,-26.396596807362865)
14 (-52.0145887053561,-70.72855807900666) (21.167913022963283,-8.31166060931173)
15 (12.808335179130838,45.024683503120514) (73.03547176911437,38.25969180516211)
16 (94.54454678774005,57.93054770184212) (101.21751705751286,-0.9365615877054339)
17 (-85.12011860470163,7.9485988053415255) (-26.445225618153337,-30.65778972320222)
18 (-57.374277518676095,-135.5243466137251) (-3.9919225058894483,-124.85622497405171)
19 (34.82800710030653,-22.644773465468685) (93.41834904854295,43.055059656860635)
20 (68.07593675643867,106.93025491258102) (49.42964564726506,183.8115633301818)
21 (167.07935803074267,-141.4035888216929) (105.44476946758303,-92.3685756079486)
22 (-8.292734031153797,6.685143619885995) (54.682815842472415,-43.429419354883265)
23 (-11.581370235745396,-42.93550678485197) (74.42921892406613,-47.52827031554684)
24 (-147.09553856933317,-27.400285737805504) (-158.06498426464336,-55.436967640436656)
25 (46.202815516895846,38.64991854907689) (48.76637446548633,105.37798006681594)
26 (157.51546431714468,-72.99813998747267) (171.04374752422066,-140.33913563653505)
27 (42.783200605148366,-101.32477610946597) (109.37983631873053,-114.93768644708612)
28 (60.68074685251958,-75.17760725660783) (92.53220959669058,-83.97674627828304)
29 (84.83153611614432,30.823461551651764) (141.17566766340457,1.5568440929450205)
30 (1.91415159362138,66.40982597615512) (-47.121487427723494,68.6963956086238)
31 (4.839349452540305,-5.866709531807982) (46.94143477348152,-18.634982241177205)
32 (-38.649841422763295,-73.2514044074577) (-26.793549429443054,-52.46786782016382)
33 (-58.447388793471205,-32.16187750937337) (-143.51872337583154,-41.7228111005622)
34 (54.66662279506829,-26.19051503182899) (114.26918288283431,17.376041132145286)
35 (93.00244496484154,0.15397842708513743) (121.2181990248702,-27.864705893935813)
36 (-9.301651804287248,-13.819468529051836) (-84.69852668159956,19.556043451676135)
37 (143.91037850314464,-70.42864631160839) (167.42977376048864,-73.09156485426317)
38 (6.031544349118883,4.930045048348682) (94.59811317266737,-33.96264958992732)
39 (26.374875720553042,9.393207013750104) (-42.33647991058778,-55.98242352100496)
40 (-120.08446586327467,-116.9345343991161) (-80.61190731718098,-187.60696107421666)
41 (113.14473354551816,-27.583680809439524) (62.01767699999596,31.145768363559338)
42 (6.951126984931449,-6.817221093607718) (49.870865437549526,-87.64933634721788)
43 (130.42822757393296,15.55672785865635) (146.49946694755462,-75.32458308341297)
44 (87.29752819513544,-90.85066036912357) (100.2066532628107,-187.61155824159965)
45 (-30.677284945175614,-56.8310870544658) (-70.27187716780983,-142.46114951964137)
46 (-162.96954388487464,-52.120065440588235) (-105.60285450023916,-130.58785939742955)
47 (105.24411892193797,-203.962086950485) (110.63730984057759,-126.99473048593786)
48 (63.34894751082729,-51.89408966648379) (59.993285742125224,-79.53759978352912)
49 (11.796497882198052,-15.827749363006506) (4.358276691094431,55.28107039782681)
50 (47.64655502165864,-66.20696539151096) (69.76933043434947,-69.71167428928598)
