loadNumber pickup dropoff
1 (-43.48542174461143,-211.32075039101582) (132.93074351385656,-254.91686563785288)
2 (-192.5280566190967,19.832185381439558) (-295.13521405517395,117.36409404266384)
3 (43.559141061660284,-109.8380942430772) (0.6919969452126224,-278.88443544034806)
4 (129.0044026388072,-251.05723430282745) (130.80298003976358,-255.66718978260778)
5 (-67.36303935316414,171.13684877719663) (-105.09189835076114,155.1332553602596)
6 (3.7544661006463906,-4.583872024751728) (-88.61506425362909,-160.2448463733646)
7 (139.84052897455572,-122.25662117653356) (152.67437861690638,-172.9430125184061)
8 (-41.45245724871077,10.881449040109729) (-66.9990242261054,179.54807032392682)
9 (110.97030365916062,83.75494500264456) (-38.64728926358846,18.405123178473517)
10 (123.08875100380536,175.1457105544038) (132.3363503228702,193.42830954457747)
11 (-4.104884180391497,3.206836386776633) (44.39875962817925,0.8548984901061565)
12 (1.708189686427341,7.162125401602666) (143.99111696583415,-123.52031255485444)
13 (145.0065136777563,8.46386939449043) (44.56135275503172,86.76547564398705)
14 (16.54547630731158,208.25492324782974) (-63.724545133340904,204.38794473360073)
15 (75.16782390533466,204.00723401069953) (-4.12736748467502,246.31733872440947)
16 (-160.96035006501253,65.38444314234674) (22.042611043698713,74.2281435760809)
17 (117.80844945994953,74.17681631139385) (31.423125965323464,186.19384803541595)
18 (-2.126731837118096,8.922278100670841) (-74.11077615963876,-119.80312544824747)
19 (100.11894437939642,-108.93277089453976) (34.82001921472374,-258.912871980148)
20 (63.53222671505615,-95.55211278235906) (40.2790527391369,-109.38846639045632)
21 (-56.102525158411815,150.25592061653583) (-130.71121976327026,104.91567221900917)
22 (52.42690752429674,87.74138023285039) (-115.49669014450511,92.04544909176865)
23 (-3.7455099776569534,-5.651768983468174) (86.46675869168683,-25.99519201851741)
24 (135.533537356012,158.91240684429312) (78.90988598492513,207.51048470004898)
25 (30.86169267870401,-256.4019577989128) (-21.064139007532013,-274.43711528884336)
26 (-79.11904804171101,-163.0054820002901) (-88.07940971243066,-42.892025499346786)
27 (-126.95455320053733,-81.43591874737817) (-158.29607153807893,60.2166634691238)
28 (22.858293076169154,58.99928437755482) (125.27828321710268,178.94538495408494)
29 (6.059237855680793,-1.2432818809834874) (-94.95269856124267,3.2201938694879635)
30 (31.26181807400891,176.38397731368184) (172.04657958229078,108.13668490520668)
31 (-88.08308146567268,-37.43755547260482) (-13.85214084479064,133.30273557860565)
32 (-27.812964036216744,-292.48680051377136) (-145.35516565793637,-209.8300866911524)
33 (136.918379767518,190.67527173645504) (137.78219520476407,7.430861036556536)
34 (135.33168929214673,117.08977220273589) (147.07192203814978,-64.82676770452396)
35 (-90.43540019658896,57.8262051917182) (-234.53121390717308,-48.82647694196443)
36 (-192.95112734708846,204.55818568739693) (-183.77728497889657,94.49040458130287)
37 (5.331838776383091,-3.138191680579614) (100.70007228317321,88.18623776865495)
38 (-60.580552762488146,-177.07881429571415) (-92.01414904758924,-120.48483780260239)
39 (115.80239266703704,80.63253550290376) (62.80597085521512,163.7593570781729)
40 (-40.68752195075695,-79.45088900430314) (-45.72423393092287,-144.07684559107423)
41 (-91.17932226168743,229.16943045018354) (13.972297447681157,59.8592529995735)
42 (-130.6402839397807,81.50952845779683) (-60.29014483226649,153.50981236090087)
43 (-6.323784578298918,249.30055103389378) (-76.1756679937461,88.144393296794)
44 (153.44240608102,-24.34879615006753) (65.45151453460537,-98.49378209934402)
45 (179.2188508077682,-8.669666310662251) (306.66375319429085,-67.71458801260144)
46 (-201.34625921518742,105.53775986803302) (-248.4122354166627,132.90420822640965)
47 (55.90860939966456,-70.10504277617325) (63.30327070570779,98.16925225447177)
48 (-129.58168579347068,-98.72117455852566) (-65.9295839313489,-173.59302070211456)
49 (-68.01222484047662,-117.77696249420906) (-53.86759278031262,-27.19910152372063)
50 (-4.939347607833528,2.485028458550836) (-91.04045415676,54.85793228096827)
51 (136.7640300471785,-129.90701882241493) (154.57281216495227,-124.15895085050064)
52 (2.4447330105109866,-0.5088547801724135) (119.69893268432452,88.59662115332236)
53 (75.93546221074253,16.040821540658836) (5.408462587852242,28.07962678401597)
54 (-61.668356654979085,-60.24411901301095) (-236.14124876869374,25.08563730053165)
55 (-67.12907721748962,203.37521671085875) (-125.58006855341912,74.40240673067356)
56 (106.87743216782755,88.46581254225256) (47.694227086084915,135.86126654483792)
57 (-165.5532064070855,184.81425585111953) (-193.59091518326738,200.58380963445381)
58 (56.23188700130315,100.84127271514963) (235.26578467947564,158.39774319238364)
59 (-81.4353405762248,85.02271018147182) (-170.5304699700265,179.874134979987)
60 (-133.47986054215687,106.44941273003575) (-302.4120776731919,175.31108515843724)
61 (130.93628613525368,-112.89579875672743) (84.4456252045953,-143.05601831015667)
62 (155.1569474895245,-169.2846813976011) (153.71560328963656,-18.842070105567473)
63 (154.0588010270097,79.77107937122537) (134.9062412678406,168.52798949808897)
64 (-37.68665896933945,-147.15627180359655) (31.80689825734666,-307.77456999189576)
65 (-1.1017099131605865,2.080948348092755) (183.68033973840423,-13.519800007695757)
66 (-129.15623156808033,-33.08996098279892) (-180.98032970764348,-163.88433358913207)
67 (208.73236790566096,-100.17115074663104) (195.76122985662488,-255.69807061793458)
68 (-110.35057332318723,87.14230132932794) (-118.41534559412409,-85.34390649935527)
69 (-233.6737177705361,27.072222476233154) (-136.63382611183215,-28.824070068987982)
70 (4.894212494638604,-6.399310402080619) (75.30385853097654,21.459000200766354)
71 (18.787867610242174,100.13951810607743) (120.69995799228603,183.63284171679322)
72 (-51.82627090801048,-147.81578651141442) (142.11202268836,-132.91202743949447)
73 (-61.041696350523516,158.44992650509022) (-209.32421697020206,109.55251655074218)
74 (-238.4478765531085,-39.8912937709254) (-124.44714292563049,-99.79424351864687)
75 (306.6325378988886,-60.84493515359074) (207.63020324297784,-108.41105573962594)
76 (-2.9489828363970148,1.4712586210495546) (-60.75480356250038,-62.80208220612633)
77 (-93.64718415321441,10.036667163383683) (-282.11993591282885,30.746704870363278)
78 (-97.14532025007573,-120.86154237809177) (-32.68333440382068,-293.25847086418196)
79 (89.08217343506367,-135.84975969311589) (-47.748357806662725,-214.684078917644)
80 (3.175381899293715,-8.710977687595749) (134.98330725735613,109.56898181758211)
81 (-179.59980432486532,-156.1322695498199) (-42.00591092709229,-70.67497120508084)
82 (62.46039243391527,158.27683962954262) (110.58714138417977,77.09501248775125)
83 (47.829569977337414,129.0663143220288) (-57.21879093910768,153.2008566372511)
84 (-224.83978626100014,112.74798315427276) (-316.25012565247096,136.21213688366905)
85 (-111.77873138688399,160.6890948956952) (-196.6865667769419,15.62609262921012)
86 (-245.64330039297764,206.63282546203584) (-218.21230473275668,114.5435822889548)
87 (-176.0473135908204,92.28492651040963) (-281.93496051331755,95.0266841628354)
88 (54.06359119568998,66.28262640163014) (18.48554048677026,107.4551978720458)
89 (-255.63041543401854,127.14495427343181) (-248.47715828156535,200.77868324910952)
90 (-25.72462487759209,-270.8545718502759) (-36.555483427353906,-140.18326225739344)
91 (1.9445014225894348,5.0293942681406945) (130.76171913828577,-106.15122299346503)
92 (54.028612509806806,2.2191274159660477) (161.35442294365333,75.23871616212902)
93 (-12.760614812340611,141.9181055974132) (53.295991502079225,67.92583294531332)
94 (153.25763770500126,-59.57289772609959) (108.00554176785275,76.57622870566607)
95 (-74.53356823191478,79.04337275416079) (-90.05402273894734,230.6029381360682)
96 (-85.49468974085416,-119.2483436018551) (99.1461012265698,-111.90108741777564)
97 (-55.657827739612415,-27.11445812000487) (-72.87640031509528,80.68188468709944)
98 (25.667105391805684,68.32560704208495) (56.51979785408409,-77.45485604446228)
99 (-143.52365718178532,-202.32817140327015) (-86.33016633026465,-125.41651725150375)
100 (4.905542662221396,31.192375646491197) (9.101877567647492,207.43235054838973)
