loadNumber pickup dropoff
1 (0.0,0.0) (-2.782148832760149,-10.272811939791644)
2 (0.0,0.0) (19.72499935287311,11.629627617372996)
3 (0.0,0.0) (2.2114871278836286,20.841890119276894)
4 (0.0,0.0) (-18.867354948708922,-18.66022028180317)
5 (0.0,0.0) (-36.98209939727515,26.808847313850666)
6 (0.0,0.0) (3.393330456003652,6.038144138771692)
7 (0.0,0.0) (-25.999215468184932,30.027731008968612)
8 (0.0,0.0) (45.23379714778576,0.5351285077579172)
9 (0.0,0.0) (19.694580536295,37.300470893759176)
10 (0.0,0.0) (27.853424056721146,-36.19271768721914)
11 (0.0,0.0) (7.234415449035577,1.477946637211364)
12 (0.0,0.0) (32.44853110005991,-17.265646344989744)
13 (0.0,0.0) (23.592429284664956,6.453828380294246)
14 (0.0,0.0) (2.60548922754886,-23.68551328406963)
15 (0.0,0.0) (18.38976119107117,0.6144638703940014)
16 (0.0,0.0) (6.085527114973397,-10.116602334389617)
17 (0.0,0.0) (-20.84807935738635,38.07727896608492)
18 (0.0,0.0) (19.788503218714204,-25.187601830962937)
19 (0.0,0.0) (12.857259039664182,16.501736445253204)
20 (0.0,0.0) (-1.206286494953035,-40.66358789193586)
21 (0.0,0.0) (-25.436516675721293,4.460614329974432)
22 (0.0,0.0) (11.808599318997949,-34.384468284793975)
23 (0.0,0.0) (6.168439041314354,-44.11029857190475)
24 (0.0,0.0) (4.313879280690817,-16.534183288509553)
25 (0.0,0.0) (14.945555168502642,15.421060395191954)
26 (0.0,0.0) (0.40891243379467784,35.80058952674949)
27 (0.0,0.0) (-6.208883869132018,-11.678961398159045)
28 (0.0,0.0) (10.32075168356658,39.207911183182794)
29 (0.0,0.0) (27.068227707983816,26.715480321777193)
30 (0.0,0.0) (-34.790989535225336,17.420359112485748)
31 (0.0,0.0) (-10.36642417750184,13.493189783849868)
32 (0.0,0.0) (13.972956964844494,-41.392074435962186)
33 (0.0,0.0) (-25.563822989015335,40.785679483526614)
34 (0.0,0.0) (31.10996789885504,-30.725936853814666)
35 (0.0,0.0) (23.46361051167694,22.375784923659097)
36 (0.0,0.0) (16.076833178877756,23.179292487586494)
37 (0.0,0.0) (0.288725211211855,-2.8508435681608493)
38 (0.0,0.0) (-3.00712270037249,13.072348595365174)
39 (0.0,0.0) (-8.11256084209114,48.199597613815676)
40 (0.0,0.0) (39.364792416846456,17.384377048816074)
41 (0.0,0.0) (21.88863488535127,-2.6903479901806504)
42 (0.0,0.0) (-34.95503726764949,7.672920499120633)
43 (0.0,0.0) (11.105640293724251,29.422970977983464)
44 (0.0,0.0) (-13.727756066965362,5.700954704620254)
45 (0.0,0.0) (34.85132011965112,23.000698769235488)
46 (0.0,0.0) (8.2963323813469,22.66274038340021)
47 (0.0,0.0) (32.900677800550184,-31.548132133656672)
48 (0.0,0.0) (-43.62769785434686,1.8941282892285582)
49 (0.0,0.0) (6.765283898448877,-1.240351213812261)
50 (0.0,0.0) (-14.164004122698824,13.113091267994868)
