loadNumber pickup dropoff
1 (-14.63065258706472,-3.465555794249382) (74.12801739524149,35.603727163978924)
2 (70.36156384524813,56.988993529675994) (37.88190451104524,135.40907212392233)
3 (-68.22195588331658,152.41134559441852) (-15.496498252481842,234.46166516293215)
4 (74.74225723409482,40.24435138897422) (66.44711000793653,61.507511945340866)
5 (-3.339884760178864,5.231684408793243) (-60.82260970583418,81.06032061097648)
6 (71.93250766493489,44.8550058996803) (75.47562049306916,124.3946250688397)
7 (-54.45461793531908,84.57154214814406) (-63.93162660583333,148.4969873360301)
8 (6.345821027303619,3.60706510048421) (56.117004945606574,-24.396408351633067)
9 (56.27443179807921,286.6379293171942) (67.19395465684752,211.60658758970249)
10 (71.64473152868717,131.0298012623734) (143.90315304597272,126.81756009717307)
11 (-42.71145326831983,-34.24504028032182) (-22.787351121246914,0.21952814296811596)
12 (-4.244426895182912,8.854684145641642) (-47.10543195437246,-36.37886300573483)
13 (52.054677806814915,-24.588201025520387) (65.65687124501461,45.66155115214784)
14 (-0.3108529201798964,2.4796278067453925) (72.1698232293599,-0.7784369397993545)
15 (-16.885290752845233,227.93389323524568) (52.10621457030639,230.6003734301171)
16 (-11.585081506323009,61.7664533824765) (-6.932525538938092,1.268492365950955)
17 (72.1518020315899,62.15664884742152) (-5.814612509276515,54.28284595203774)
18 (123.09920895057435,52.644563863871646) (75.70520433586854,64.42089217750438)
19 (143.6341939243964,120.87423698917019) (131.4634956473533,49.114711366253644)
20 (43.87854515787113,233.51137490566632) (49.41269906833358,283.27400816597043)
