loadNumber pickup dropoff
1 (0.0,0.0) (21.639296250795166,4.646184947602408)
2 (0.0,0.0) (-19.552008440699083,18.67634935109631)
3 (0.0,0.0) (37.107353006680064,18.142372412205148)
4 (0.0,0.0) (20.90636520154224,-22.456328436889677)
5 (0.0,0.0) (44.58566138670255,-17.562968605024775)
6 (0.0,0.0) (-10.425463936051239,46.308362780119204)
7 (0.0,0.0) (-26.134156916606884,7.7659895591579335)
8 (0.0,0.0) (-16.810979707789,11.979485299101672)
9 (0.0,0.0) (-48.02142844280205,0.8676351191900123)
10 (0.0,0.0) (-29.00937979962299,-12.441520591299055)
11 (0.0,0.0) (4.783694935247599,15.106715313636542)
12 (0.0,0.0) (2.9875397246420525,-2.6842818570861393)
13 (0.0,0.0) (38.12401569170138,-22.90274060980913)
14 (0.0,0.0) (14.725412995838333,-40.113026062124995)
15 (0.0,0.0) (39.25081694880194,-5.017480682604182)
16 (0.0,0.0) (-16.78325522915462,14.937775657373564)
17 (0.0,0.0) (29.452016786421034,-18.838292027968386)
18 (0.0,0.0) (27.0391591382939,-1.4805974482158266)
19 (0.0,0.0) (20.59141763973546,-40.98144593901871)
20 (0.0,0.0) (-41.42259186151776,-4.255669314980186)
21 (0.0,0.0) (-6.51376556626657,7.552359782833251)
22 (0.0,0.0) (11.241566994860323,-12.077134845052687)
23 (0.0,0.0) (-9.756668198265938,-13.997954447561742)
24 (0.0,0.0) (-41.80558903550284,3.86746121388432)
25 (0.0,0.0) (-48.15093951357664,-0.03978985737385748)
26 (0.0,0.0) (21.182061930024954,4.687507250976992)
27 (0.0,0.0) (29.826918647334615,-14.449066296115602)
28 (0.0,0.0) (3.757303602061467,15.019886423209423)
29 (0.0,0.0) (16.33582030009446,2.65668554826038)
30 (0.0,0.0) (7.956954224821708,32.8612735987802)
31 (0.0,0.0) (-21.141476388047618,9.559590796301588)
32 (0.0,0.0) (13.776368451484256,33.24525349565781)
33 (0.0,0.0) (-24.248302347315843,-27.010533453338944)
34 (0.0,0.0) (37.336925069423735,-2.002946267944997)
35 (0.0,0.0) (-36.43435022486945,-17.442445079914823)
36 (0.0,0.0) (0.29143393067048445,7.144812167881379)
37 (0.0,0.0) (13.180923891668126,-33.64173993641609)
38 (0.0,0.0) (10.711499439812997,-22.45511485459175)
39 (0.0,0.0) (27.096538715227496,-9.853659388183457)
40 (0.0,0.0) (3.0601731154422733,44.35134528947572)
41 (0.0,0.0) (21.337720402403814,-22.943856061016373)
42 (0.0,0.0) (9.064290396313783,16.903420054378294)
43 (0.0,0.0) (22.756652408418102,38.65159835314295)
44 (0.0,0.0) (-22.582997920200803,29.623375999307754)
45 (0.0,0.0) (-38.857696105960706,29.971056453125644)
46 (0.0,0.0) (-22.099155384076873,33.04181260615988)
47 (0.0,0.0) (-49.03223109222082,9.576162577973962)
48 (0.0,0.0) (24.32691440298809,-25.414073218095165)
49 (0.0,0.0) (-13.162869278228412,-39.13207240461198)
50 (0.0,0.0) (-31.355069364032737,8.317705819042432)
51 (0.0,0.0) (16.627455851146234,36.50465956534179)
52 (0.0,0.0) (38.354842664759175,-8.896981717086737)
53 (0.0,0.0) (6.205101409443418,41.19952569938612)
54 (0.0,0.0) (-27.080998830990115,-7.309271587599231)
55 (0.0,0.0) (-4.12544265626703,-40.575089562369364)
56 (0.0,0.0) (9.38686694224314,8.455076713830023)
57 (0.0,0.0) (-7.325164161357457,-32.148626551758674)
58 (0.0,0.0) (6.3025979490317505,12.324612904703322)
59 (0.0,0.0) (-42.062151980558724,24.112704315722745)
60 (0.0,0.0) (30.647212975218867,-25.044049566199526)
61 (0.0,0.0) (-34.83927164360813,16.057838143748793)
62 (0.0,0.0) (-13.230841111586678,16.0718056815398)
63 (0.0,0.0) (20.106253542209583,30.189461231437274)
64 (0.0,0.0) (7.419321068267693,-37.6243679455005)
65 (0.0,0.0) (-12.341209581758362,25.817493069920484)
66 (0.0,0.0) (8.764335035732305,21.70180897820605)
67 (0.0,0.0) (-34.74106906265126,28.37990776807055)
68 (0.0,0.0) (3.5457592535368194,-39.995530165509905)
69 (0.0,0.0) (25.42648555352151,-15.264813585985149)
70 (0.0,0.0) (-29.986962849939818,-24.905924124295627)
71 (0.0,0.0) (0.43153131747723233,-24.296951815703363)
72 (0.0,0.0) (34.643412812355336,-18.523484691080956)
73 (0.0,0.0) (-11.4111575367908,-48.451473126771525)
74 (0.0,0.0) (-22.818290955975122,-36.199699575749165)
75 (0.0,0.0) (30.836365088659562,30.098501464586214)
76 (0.0,0.0) (-7.817351853973782,-42.06668497033829)
77 (0.0,0.0) (-3.0651530096304325,38.2751940977715)
78 (0.0,0.0) (-18.052168473514044,11.881634467944519)
79 (0.0,0.0) (16.994243697629386,37.949526884928886)
80 (0.0,0.0) (-30.517616439993056,-30.789301250611828)
81 (0.0,0.0) (35.663341874087536,-26.748246191438273)
82 (0.0,0.0) (31.902393333248522,7.091725341043436)
83 (0.0,0.0) (1.7225250248502038,-47.40366022188401)
84 (0.0,0.0) (-20.620823411497277,-39.24547082055729)
85 (0.0,0.0) (-12.248654198401416,13.788632492906869)
86 (0.0,0.0) (45.38357419544939,18.908274431978498)
87 (0.0,0.0) (20.52018016747379,0.9215682025390024)
88 (0.0,0.0) (14.663205663305462,4.737899587863736)
89 (0.0,0.0) (-19.25927015649063,28.772658019110576)
90 (0.0,0.0) (32.99688817238424,-11.280024937070747)
91 (0.0,0.0) (-10.095755203545636,-39.29196314640707)
92 (0.0,0.0) (27.867990821020772,-25.324529503777526)
93 (0.0,0.0) (-13.270241417149705,-4.569398630241399)
94 (0.0,0.0) (-22.80275283717447,30.662160527864426)
95 (0.0,0.0) (-35.37127703681153,10.933926393069259)
96 (0.0,0.0) (-6.469944084769729,29.475112789626444)
97 (0.0,0.0) (-2.8870788059748467,-1.7121122681312766)
98 (0.0,0.0) (26.622089107261882,-22.535315222976386)
99 (0.0,0.0) (-12.019094870802833,15.39215693040394)
100 (0.0,0.0) (-37.27499197840422,-18.079546769930996)
