loadNumber pickup dropoff
1 (16.86736119285586,119.73624014512436) (-64.82748392513955,149.33892007763976)
2 (116.4110934316188,146.78030791532285) (93.56652705954963,171.02985999839126)
3 (82.8617678009153,77.60403150053419) (61.309699194801425,23.27796374293434)
4 (84.78653339470057,47.76302446561114) (119.37957141634992,138.04386287799878)
5 (-88.56503839857265,121.40807549156584) (-30.496204027045636,103.38049448770657)
6 (-55.29895369932015,72.79704889082207) (-59.045360031161046,75.23275996040938)
7 (61.59725951897352,202.20682044497457) (120.31720426008525,135.82618694416502)
8 (87.13195392719246,-27.914274395106204) (100.12337875845287,27.868715227433086)
9 (-5.411398853480533,6.184662735587915) (-93.180045198433,-41.33397098024138)
10 (12.091103938997254,-29.790804588139036) (-55.16934185496369,42.99265456773833)
11 (-6.4370159276654695,-108.71021090616426) (-17.071450966717386,-63.74699707074574)
12 (-16.39347795194249,120.95373823208097) (-102.38981814156509,171.28143337283228)
13 (56.86646938492434,47.07524078524968) (81.10755559802732,69.3494057071531)
14 (97.60659199319142,-33.24569577741096) (112.76446978835988,-18.616157777305133)
15 (53.48112026784153,57.08137295304097) (82.15538084747746,43.17321146666315)
16 (-94.18181473549366,-1.4075399368846817) (-29.056241378548833,-77.24845162502294)
17 (-33.38224175188515,-160.48814261804444) (-7.256946506962485,-116.8341131192529)
18 (-153.58068017200006,57.600064869532865) (-147.84353866585795,88.5644861270925)
19 (21.45310457131613,-90.37051464391007) (8.655822338716034,-117.01290767234342)
20 (-10.107647259513424,85.08768777324043) (-58.65149560612711,85.74289682855536)
21 (93.75056459318863,22.0089426681117) (103.4499872991619,40.41248009819704)
22 (-3.528498360507706,0.6140640429086017) (67.85551906984195,26.761430293378123)
23 (95.7060449167488,171.347073887531) (74.40103780747012,76.0328746667303)
24 (22.67749092916971,45.29590796378507) (64.19262287018951,37.235798914168896)
25 (-1.8334748722416578,6.473034717725707) (-92.89938298769384,-9.806052825726656)
26 (-36.178431433527855,-71.31347497701637) (-23.068263022715094,-142.48315550810446)
27 (-247.5345939093245,-38.10206275476006) (-167.4749387315605,-11.236467379386948)
28 (83.51294212833797,122.71439083394213) (77.61464127673358,26.36883061193528)
29 (112.08383481448469,-119.76600621906643) (147.49588925165443,-76.6698333514158)
30 (28.220490909214558,-2.330887721677891) (-3.583492775500556,89.0294364432413)
31 (-67.65425033490318,75.62587170648042) (-7.274606632508707,43.90963839186614)
32 (67.79061338470991,67.97197309049949) (33.022010350343024,-2.0647833132988893)
33 (-5.388386844366535,-3.932430152646538) (82.76704898961673,-28.198600400573696)
34 (137.6807662195505,-65.83926304512282) (156.50284847997176,-38.69420998259836)
35 (0.9551908654990614,3.515897652522353) (12.07433096766214,-29.142065908571627)
36 (-68.05102517447735,31.39134458345663) (-115.82850083075702,-45.71042448206198)
37 (-38.70105964595308,-96.39246003021212) (-46.356021099805986,-93.21685161205124)
38 (-166.1380215919664,-52.977242440077994) (-251.12781773245212,-34.609519023842736)
39 (-89.19307108891678,-33.732658023504) (-100.50114766789625,-108.73704617144807)
40 (5.13442237681028,5.934762858598429) (20.779278120266085,48.26426190952273)
41 (-147.23419540580392,94.30788598574229) (-168.12743950441282,23.827195289233472)
42 (-41.31447148749133,-68.85954905887976) (-97.82180314907558,-82.11763464219048)
43 (58.5436988483248,25.595232465267294) (25.683462989573293,105.65996137323089)
44 (-50.43552575566348,50.771983736711995) (-22.955918546901632,78.53251231311384)
45 (12.130468537331026,161.07184516996978) (-67.14152524256416,187.51100110970498)
46 (82.6773974667386,61.89308768670486) (83.73006973584974,122.23856356480871)
47 (3.524870096894244,92.35162223731653) (-68.88573574509563,35.814850518623246)
48 (99.747243465592,18.46583327238682) (65.05349973752372,108.57010652208241)
49 (-23.594158350213352,-151.05412810407424) (-38.52380402639655,-153.1259886724022)
50 (-37.848651976634386,-121.25895940981758) (-40.73090847739839,-128.56496473092292)
51 (110.15610879437298,-11.273069693741704) (130.03366926640865,-66.5589696797744)
52 (76.57083259987397,35.23466706659455) (21.431584303887874,65.14138249100819)
53 (71.2925889665503,23.907602990623214) (-22.97634811971743,-7.765696332004893)
54 (101.03715699509348,43.614099332229465) (66.00047247317578,68.82616576901138)
55 (-67.40483865562932,151.50632429640055) (-27.14621513307179,164.23547348117827)
56 (1.8880879859954975,4.9997414387573045) (92.63507255133636,-32.800531496481355)
57 (-3.8598523157388582,7.402221267979262) (-19.49703672551421,82.41766058890607)
58 (-21.5403026850856,-194.96565968704095) (-61.872453489245835,-199.43976983315855)
59 (-10.194204058836409,139.37551118483412) (51.509319464847735,145.38723409553546)
60 (-13.669401155913041,-55.08525618811706) (-45.83355162284975,-75.08826814267375)
61 (38.288337304555704,-66.80144283963904) (100.24692428283744,-35.6370962649362)
62 (-106.24248006034996,-113.91136996046615) (-28.453547772499178,-121.28361234674554)
63 (0.8115912291595608,8.373050342593016) (-41.738627518541186,46.49692494368931)
64 (-22.932061795949316,164.14485591973678) (65.9252746441507,208.39320977669357)
65 (66.44383484508214,107.95140276178749) (80.49789798588913,184.71438628052175)
66 (-53.16927586069966,88.83885785205544) (-11.981367691160031,131.83293343151445)
67 (44.185048760819846,-114.32495112068413) (10.884526445821727,-82.75771699791004)
68 (0.39356874316975077,9.914542534882198) (-48.272490641344916,94.70822066668092)
69 (-56.205603976456835,87.83334827950625) (-76.23066541547045,67.80078499114833)
70 (-0.49540897694959485,-54.51021529415172) (-43.0358270279907,-96.34038031255513)
71 (-80.56557189538778,75.86541095207018) (-84.8853990281726,114.96836983525267)
72 (-25.49215687998101,70.96213832627029) (51.47986387621407,52.18208817475722)
73 (-53.56268181653098,-95.7024357371581) (21.215150890939256,-90.03350053340968)
74 (16.731768930725497,-82.58037227240624) (21.96149703821549,-137.65782960373357)
75 (14.84892174855704,-137.68114609666696) (-22.207715378773983,-204.4991196568832)
76 (111.67667496681469,-98.29551125159087) (50.51617198765484,-114.07733024140637)
77 (-40.42225198636563,-88.90942812559884) (-37.45233746067178,-103.3640946423227)
78 (68.45110444799316,68.96838970845096) (80.28584086334769,72.14470009017197)
79 (76.7926910628233,-32.31341065372257) (39.18629987289115,-73.80368671709589)
80 (1.413619678746544,42.831335245053886) (3.3670115403220353,-51.380423527145105)
81 (150.23022001224479,-45.551554650296445) (118.28616848405663,-121.08631706020645)
82 (-113.06918661663087,-50.321359183168326) (-173.14132297321552,-59.661733823114524)
83 (9.360676839738657,0.5239054839658865) (73.8846300303501,-30.66468730791574)
84 (23.66002980953184,102.6265451879636) (6.972988507836273,118.34636469294855)
85 (-159.38341967857866,23.297953725238266) (-129.36591493225376,81.10170994698248)
86 (83.6623823463739,181.87328019798036) (17.317836783051604,166.43817738124903)
87 (-19.19009866172202,82.80702197902903) (-78.4851564617666,93.91835187882907)
88 (69.62889819632565,-24.310019664544573) (109.92159094205691,-105.3184178107673)
89 (-28.95881642899922,-8.156039881680782) (49.12758402545747,49.063165482810305)
90 (2.2481586907238955,-3.494591509466714) (3.5998786615367697,92.21723999667125)
91 (13.634588384406602,-115.93377977227857) (70.081166919375,-78.66805150469516)
92 (-73.20962724976329,96.39257556844139) (-88.82049394435958,95.34241085355436)
93 (149.280823161878,-70.0924957500609) (84.31642682101709,-11.51566796262911)
94 (55.42349553587122,141.15163544531632) (-18.707960366072676,125.66742987063178)
95 (22.20723156781706,63.09647035688809) (-21.15300184986654,26.41531450072676)
96 (59.274802979373625,43.1364240095923) (88.18892222823207,16.512554962871356)
97 (-37.22748973651029,-123.54698770212985) (-36.413616201774765,-91.9582123113571)
98 (0.3876256835229473,1.227079339872909) (64.29533797100144,32.643444258138565)
99 (-92.68204469963507,92.472956018838) (-157.86421019412774,53.37590792356113)
100 (-63.07094215381995,37.35266667769414) (-50.14108632776186,65.97973686510231)
