loadNumber pickup dropoff
1 (102.05796461483358,-96.38625758439403) (177.86447592892546,75.10678366933365)
2 (13.161678696730284,-11.146477589732259) (-21.374016008423034,-34.56810672997583)
3 (214.58289076322995,-77.19845502158232) (191.2144720263534,25.772073122461578)
4 (-6.879563917203409,-18.27845511425886) (43.460364731862924,-58.01335347900283)
5 (-104.27415874682364,167.81806280670253) (38.95491345347028,145.7970773264838)
6 (36.82743446456968,-86.22843075735231) (-56.979501028529086,-259.81938364709066)
7 (-5.025340408760015,2.5046092284717667) (-57.31879473379431,89.95072855856462)
8 (109.90985718583622,103.38341261228156) (-77.8467901178893,56.426169362051894)
9 (11.997044641412488,7.434777659451458) (109.45079373903339,156.20434850961513)
10 (173.46635976192925,-51.21403409197678) (270.6252498932602,91.94970017143905)
11 (-3.924053836807872,18.575061523091456) (57.671315735948085,114.65307276760083)
12 (148.44983709263167,151.14933300274342) (250.7141205112028,133.81382952856953)
13 (60.2764490303111,122.08646348251429) (95.6006241373703,75.6847802494747)
14 (-179.23952185522234,-42.341494009916566) (-210.79351143864656,-193.9796787893999)
15 (46.85004934365171,-59.33163836079001) (139.20128757781828,3.4912713552321435)
16 (-105.89070412816707,75.31655045049253) (-294.6217582077677,89.2088559356108)
17 (87.93659902847689,153.03067670882197) (195.01903586679637,84.84698292869746)
18 (-71.26057088679866,231.61242379148848) (31.332744564490227,183.80175100049547)
19 (-8.98784634925652,-49.10122356900608) (68.3407140206225,-27.844135372037062)
20 (-139.80838004939469,246.62013324587392) (-146.28639667848398,234.4372537160057)
21 (-186.32945860913173,109.65182532486759) (-74.69592702614233,-12.407851901625847)
22 (63.57131388800822,-38.93290036419006) (105.83460642444676,-204.8130616060529)
23 (-49.381416888334996,-114.85071960813302) (-111.86283851191854,-195.66088135996011)
24 (-54.82951005505031,125.18785567420821) (-36.0594513836034,149.7587326066808)
25 (91.91324009125762,174.35592189756898) (51.9392188350618,178.1335035470385)
26 (162.03207859252493,-123.57225413532367) (126.74581060570263,-220.42838912389846)
27 (259.9395221713884,121.85700813300234) (111.80282966958904,6.083067290924205)
28 (99.03396044608223,82.62211839681177) (-13.550975800623462,32.08198409259708)
29 (64.4249872252129,46.012143110621835) (-62.25278910731447,144.53926878062663)
30 (129.6951367014934,52.64697496519504) (123.36829304147632,124.99836307089991)
31 (29.857769007158872,111.39437168924742) (55.274423924996704,257.90810092002675)
32 (109.51509427128846,121.96334013554076) (19.258581409548412,156.74417875070455)
33 (-83.21050222295582,-1.5995245307835937) (-122.23004756396726,163.0842244197402)
34 (-74.0706884102348,134.17684600306382) (109.23563440576243,120.37574242314996)
35 (37.71103113135991,155.46406981231632) (-27.57570056712752,22.849884140161777)
36 (-5.211605545432407,-11.207667301156942) (-191.28418309146008,-36.82220098230769)
37 (-47.70645319367737,95.01151312465343) (96.91448315654699,116.09144681146215)
38 (-30.12392605465923,90.103631938375) (113.05713570591101,-28.463311960805953)
39 (167.44127286849383,106.3578267322233) (238.65594487121098,104.36328508515655)
40 (-0.7710889366679616,6.2915847714015625) (-29.062340033837454,61.254619844703726)
41 (-83.85509953432414,59.605787401635766) (-83.05590806940292,222.83889885104668)
42 (154.9423707759845,128.6559574143242) (180.2361595953422,243.44262091593026)
43 (-59.11600153282508,-17.637481654255083) (70.38692117591002,-26.4454322346464)
44 (-52.47647043856095,150.94861660220405) (-116.8932686551647,211.80312187805947)
45 (-106.66652828448755,129.51896634628477) (72.42751427180403,121.8946065378555)
46 (65.0987352747878,-66.59115051732289) (-81.82597476104394,19.96471342470673)
47 (109.95215740933664,-9.020185486676347) (222.8241508155671,-118.20245194056511)
48 (-10.710321251540966,-9.860245599296155) (63.3576343161946,-174.46019377966567)
49 (-15.42272474201287,65.32251693121874) (-185.95980551852227,126.09403023814036)
50 (-27.122039230172597,80.48042276339035) (71.58165291785693,152.4312770778015)
51 (-53.21224840820856,-262.5124375293352) (51.40572940386122,-244.9495145318729)
52 (-9.010514976273017,-9.773515015766648) (61.13421565783446,47.83982507283669)
53 (11.847031365736512,6.574325603677466) (53.80071954928582,15.253424372223268)
54 (39.709980314228794,175.82940037047138) (160.7175874876702,146.7485963914698)
55 (-11.226068163688979,-13.198143920361868) (-109.40640456523514,130.8688374748167)
56 (60.93283939714775,7.953511104874205) (-39.024148277819585,-99.65436854007069)
57 (55.466906585612485,-156.69021062897667) (99.92332828986031,-93.7184639266402)
58 (-15.084118170975087,8.556934003259428) (-94.25789965252349,4.1193718843261005)
59 (61.31068528095089,-55.21835593459395) (129.86695717369759,-241.8443584258534)
60 (-44.518027305034465,-123.38665594476198) (-75.52026622257304,68.67115595462018)
61 (107.4857095919479,108.60057405442575) (194.21223919790606,13.643534706982507)
62 (-11.618561410149617,2.420646324137596) (175.4978835010737,-7.423115633058316)
63 (88.29068119608532,-210.6848623830819) (166.53360916945377,-140.80345766513224)
64 (120.58561804043411,20.347568079670673) (82.70168155143494,140.2492453728766)
65 (206.08076442604212,100.15310426879819) (273.2021518072132,-50.317595336737526)
66 (38.186501648893056,174.97135110231088) (-101.16756727628484,172.66214660086845)
67 (55.60741982836472,239.4073752750782) (-17.765186974139304,77.28087298780568)
68 (178.77597034093708,56.4132072513531) (110.44102799417503,109.75922216744303)
69 (-26.333827618167007,174.02589839794672) (-119.10737906830867,310.34792273757273)
70 (275.0755569217489,-29.176082439322265) (161.7100426168971,126.7522138670351)
71 (-85.4308711146981,37.314513813199916) (33.25092166824487,99.50031293262347)
72 (-74.88093392284793,69.83075433959272) (-158.56229085700576,249.4014562248596)
73 (67.49505367729003,-36.979768135182894) (158.07703480886946,116.64270285677893)
74 (-31.66469184241561,25.710801375027604) (76.40635590329204,-75.32883196224672)
75 (21.575004955888534,-77.49769336300349) (115.21810488528091,-208.26626614638633)
76 (103.16657296682791,139.5630511984343) (-70.51858224310749,137.3767244660629)
77 (-176.63752842302642,174.92352225320266) (-120.5768264457412,10.961072361838745)
78 (128.02737904149544,12.779531444004078) (36.6916141546551,-81.45782079959989)
79 (-223.7694689625535,-172.47695139927532) (-254.13843056509478,-115.75994908798538)
80 (-131.43439162442385,152.13371544700007) (-23.504635082581117,65.44371659522702)
81 (-26.977368781565836,39.13303873047917) (-151.77788026013536,126.67968943663395)
82 (12.820617462435898,-10.421368935410728) (-35.97970069024033,182.84660284694303)
83 (128.3863210236874,28.77388111974175) (291.4829820541996,-39.10587313278603)
84 (188.5395997701085,17.417740048229284) (261.57517551809354,-18.045811405894803)
85 (-152.61316175683564,230.4794240541565) (-105.83228138363683,79.03894613199964)
86 (173.08367873657332,1.5747482997412998) (120.84407740543406,36.24171465594264)
87 (-120.59583758360246,216.77559918874525) (-163.60141066670033,177.20346464892668)
88 (16.24298690729992,171.71572673188624) (-136.71168394756083,293.93025739829)
89 (6.678993711343167,4.585767830646262) (174.13378545765207,-57.2709322654599)
90 (177.4827471583481,20.406569407667597) (286.13756856509923,104.36720013836202)
91 (102.05196944052751,122.96597162589964) (135.71821950170005,49.01715493027828)
92 (106.7141493293356,-222.87173794489416) (97.89063812458144,-197.34919325380397)
93 (-154.5248808798926,122.32582381291736) (-32.02836825593684,106.06297785216734)
94 (120.97832315949093,-233.80099902331574) (-26.52740255043399,-118.0701589721042)
95 (-28.554141387603064,49.154103705784316) (-122.17062910282799,72.66483328433478)
96 (79.41649482794868,107.6002602583732) (75.59698658919146,177.3464127293635)
97 (-127.36713435891235,-190.64105176829722) (-210.03626372038133,-171.00264704087795)
98 (203.8669988026208,-114.43942869640428) (228.4465401959222,-65.24386775779521)
99 (77.3247391075634,142.44299091653104) (46.688103863550715,-41.205546713035744)
100 (-105.3939702319988,18.53993614429206) (18.536155475545357,-86.89820208306416)
